06/20/2019
04:12:38 PM

Insert channel info here... 
Insert channel info here... 
Insert channel info here... 
Insert channel info here... 
Insert channel info here... 
Insert channel info here... 
Insert channel info here... 
Insert channel info here... 

Time		   v0		   v1		   v2		   v3		   v4		   v5		   v6		   v7		   y0		   y1		   y2		   y3		   y4		   y5		   y6		   y7 
0.000000	0.451145	0.001909	0.342750	0.283735	0.455360	0.189191	0.300597	0.340944
0.016667	0.408991	0.001909	0.326491	0.271089	0.428262	0.189793	0.295177	0.328298
0.033333	0.407787	0.001909	0.326491	0.270487	0.428262	0.189793	0.295177	0.328298
0.050000	0.407787	0.001909	0.326491	0.270487	0.427659	0.189191	0.294575	0.330706
0.066667	0.408389	0.001909	0.327093	0.271089	0.429466	0.189191	0.294575	0.328298
0.083333	0.407787	0.001909	0.326491	0.270487	0.429466	0.189191	0.295177	0.328298
0.100000	0.407787	0.001909	0.326491	0.270487	0.427659	0.189191	0.295177	0.328298
0.116667	0.407787	0.001909	0.325889	0.270487	0.428864	0.189191	0.295177	0.328298
0.133333	0.407787	0.001909	0.326491	0.271089	0.428864	0.189793	0.294575	0.328298
0.150000	0.408389	0.001909	0.326491	0.269885	0.429466	0.189191	0.294575	0.328298
0.166667	0.407787	0.001909	0.325889	0.270487	0.430068	0.189191	0.295177	0.328298
0.183333	0.408389	0.001909	0.326491	0.270487	0.428864	0.189191	0.295177	0.327695
0.200000	0.407787	0.001909	0.326491	0.270487	0.428864	0.189793	0.295177	0.327695
0.216667	0.407787	0.001909	0.326491	0.271089	0.429466	0.189793	0.295177	0.328298
0.233333	0.407787	0.001909	0.326491	0.270487	0.428864	0.189191	0.295177	0.328298
0.250000	0.407787	0.001909	0.326491	0.270487	0.428864	0.189793	0.295177	0.329502
0.266667	0.407185	0.001909	0.325889	0.270487	0.427057	0.189191	0.295177	0.328298
0.283333	0.407787	0.001909	0.325889	0.270487	0.428864	0.189191	0.295177	0.327695
0.300000	0.407787	0.001909	0.325889	0.270487	0.429466	0.189191	0.295177	0.330104
0.316667	0.407787	0.001909	0.325889	0.271089	0.429466	0.189191	0.295177	0.328298
0.333333	0.407787	0.001909	0.325889	0.270487	0.428864	0.189191	0.295177	0.330104
0.350000	0.407787	0.001909	0.325889	0.270487	0.428262	0.189191	0.295177	0.328298
0.366667	0.407185	0.001909	0.326491	0.270487	0.428864	0.189191	0.294575	0.328298
0.383333	0.407185	0.001909	0.326491	0.270487	0.429466	0.189191	0.295177	0.328298
0.400000	0.407787	0.001909	0.326491	0.270487	0.429466	0.189191	0.295177	0.327695
0.416667	0.407787	0.001909	0.325889	0.270487	0.428864	0.189191	0.294575	0.327695
0.433333	0.407787	0.001909	0.326491	0.270487	0.427659	0.189191	0.295177	0.327695
0.450000	0.407185	0.002511	0.326491	0.270487	0.429466	0.189793	0.295177	0.330104
0.466667	0.407787	0.002511	0.326491	0.271089	0.428864	0.189191	0.294575	0.328298
0.483333	0.407787	0.001909	0.325889	0.270487	0.428864	0.189191	0.295779	0.328298
0.500000	0.407185	0.001909	0.325889	0.270487	0.429466	0.189191	0.295177	0.328298
0.516667	0.407787	0.001909	0.325889	0.270487	0.429466	0.189191	0.295177	0.327695
0.533333	0.407787	0.001909	0.326491	0.270487	0.428864	0.189191	0.295177	0.328298
0.550000	0.407185	0.001909	0.326491	0.269885	0.429466	0.189191	0.295177	0.327695
0.566667	0.407185	0.001909	0.325889	0.270487	0.427057	0.189793	0.294575	0.328298
0.583333	0.407787	0.001909	0.326491	0.270487	0.430068	0.189793	0.295177	0.328298
0.600000	0.407185	0.001909	0.325889	0.270487	0.429466	0.189191	0.295177	0.327093
0.616667	0.407185	0.001909	0.325889	0.270487	0.429466	0.189191	0.294575	0.328298
0.633333	0.407787	0.001909	0.325889	0.270487	0.428864	0.189191	0.295177	0.328298
0.650000	0.407185	0.001909	0.326491	0.270487	0.428864	0.189191	0.295177	0.327695
0.666667	0.407787	0.001909	0.325889	0.269885	0.428262	0.189191	0.294575	0.327695
0.683333	0.407787	0.001909	0.325889	0.270487	0.428864	0.189793	0.295177	0.327695
0.700000	0.407787	0.001909	0.325889	0.270487	0.428864	0.189191	0.295177	0.327695
0.716667	0.407787	0.001909	0.325889	0.270487	0.428864	0.189793	0.295177	0.327695
0.733333	0.407787	0.001909	0.326491	0.269885	0.428864	0.189793	0.294575	0.327695
0.750000	0.407185	0.001909	0.326491	0.270487	0.428864	0.189793	0.294575	0.327093
0.766667	0.407787	0.001909	0.325889	0.270487	0.430068	0.189191	0.295177	0.328298
0.783333	0.407185	0.001909	0.326491	0.270487	0.428864	0.189191	0.294575	0.327695
0.800000	0.407787	0.001909	0.325889	0.269885	0.428262	0.189191	0.295177	0.328298
0.816667	0.407185	0.001909	0.325889	0.269885	0.428864	0.189191	0.294575	0.328298
0.833333	0.407185	0.001909	0.325889	0.269885	0.429466	0.189191	0.294575	0.328298
0.850000	0.407185	0.001909	0.325889	0.269885	0.428262	0.189191	0.295177	0.327695
0.866667	0.407787	0.001909	0.325889	0.270487	0.429466	0.189793	0.294575	0.328298
0.883333	0.407787	0.001909	0.326491	0.269885	0.428864	0.189191	0.294575	0.327695
0.900000	0.407787	0.001909	0.325889	0.269885	0.427057	0.189191	0.294575	0.327695
0.916667	0.407787	0.001909	0.325889	0.270487	0.429466	0.189191	0.294575	0.330104
0.933333	0.407185	0.001909	0.325889	0.269885	0.428864	0.189191	0.294575	0.327695
0.950000	0.407185	0.001909	0.325889	0.270487	0.428864	0.188589	0.294575	0.327695
0.966667	0.407185	0.001909	0.325889	0.270487	0.430068	0.189793	0.294575	0.327695
0.983333	0.407185	0.001909	0.325889	0.270487	0.429466	0.189191	0.294575	0.327695
1.000000	0.407185	0.001909	0.325287	0.270487	0.427057	0.189191	0.295177	0.327695
1.016667	0.407787	0.001909	0.325889	0.269885	0.428864	0.189191	0.295177	0.327695
1.033333	0.254228	0.001909	0.216892	0.193406	0.246399	0.164501	0.191600	0.203644
1.050000	0.206052	0.001909	0.195213	0.179556	0.225925	0.163899	0.192202	0.201235
1.066667	0.206655	0.001909	0.196417	0.179556	0.225323	0.163899	0.191600	0.201235
1.083333	0.206052	0.001909	0.195815	0.178954	0.224720	0.163297	0.191600	0.200633
1.100000	0.205450	0.001909	0.195815	0.178352	0.224118	0.163899	0.190998	0.200633
1.116667	0.204848	0.001909	0.195815	0.178954	0.224118	0.163899	0.191600	0.200633
1.133333	0.205450	0.002511	0.195815	0.178352	0.224720	0.163297	0.191600	0.200633
1.150000	0.205450	0.001909	0.196417	0.178954	0.224720	0.163899	0.191600	0.201235
1.166667	0.206052	0.001909	0.195815	0.179556	0.224720	0.163899	0.191600	0.200633
1.183333	0.206052	0.002511	0.195815	0.178954	0.224720	0.163899	0.192202	0.200030
1.200000	0.205450	0.001909	0.195213	0.178352	0.224118	0.163297	0.190998	0.200633
1.216667	0.204848	0.001909	0.195213	0.178352	0.223516	0.163899	0.191600	0.200633
1.233333	0.204848	0.001909	0.195815	0.178954	0.224118	0.163297	0.191600	0.200030
1.250000	0.204848	0.001909	0.195815	0.178954	0.224720	0.163899	0.191600	0.200633
1.266667	0.205450	0.001909	0.196417	0.178954	0.224720	0.164501	0.191600	0.200030
1.283333	0.205450	0.001909	0.195213	0.178954	0.224118	0.163899	0.191600	0.200030
1.300000	0.205450	0.001909	0.195213	0.178954	0.224118	0.163899	0.191600	0.200030
1.316667	0.204848	0.001909	0.195815	0.178352	0.224720	0.163899	0.191600	0.200030
1.333333	0.205450	0.001909	0.195213	0.178954	0.224118	0.163297	0.192202	0.200633
1.350000	0.205450	0.001909	0.195815	0.178954	0.224720	0.163899	0.191600	0.201235
1.366667	0.205450	0.001909	0.195815	0.180158	0.224118	0.164501	0.192202	0.200030
1.383333	0.205450	0.001909	0.195815	0.178954	0.224118	0.163899	0.191600	0.200633
1.400000	0.205450	0.002511	0.195213	0.178352	0.224118	0.163899	0.191600	0.200030
1.416667	0.204848	0.001909	0.195213	0.178954	0.224118	0.163899	0.192202	0.200633
1.433333	0.205450	0.001909	0.195815	0.178954	0.224118	0.163899	0.190998	0.200633
1.450000	0.205450	0.001909	0.195213	0.178954	0.224720	0.163899	0.191600	0.200633
1.466667	0.205450	0.001909	0.195815	0.178954	0.224720	0.163899	0.191600	0.200030
1.483333	0.205450	0.001909	0.195815	0.178954	0.224720	0.163899	0.191600	0.200633
1.500000	0.204848	0.001909	0.195815	0.178352	0.224118	0.163899	0.191600	0.200030
1.516667	0.205450	0.001909	0.195213	0.178352	0.223516	0.163297	0.191600	0.200633
1.533333	0.204848	0.001909	0.195815	0.178954	0.224720	0.163899	0.192202	0.200633
1.550000	0.204848	0.001909	0.195213	0.179556	0.224118	0.163899	0.191600	0.201235
1.566667	0.205450	0.001909	0.195815	0.178954	0.224720	0.163899	0.191600	0.200633
1.583333	0.205450	0.001909	0.195815	0.179556	0.224720	0.164501	0.191600	0.200030
1.600000	0.204848	0.001909	0.195213	0.178352	0.224118	0.163899	0.192202	0.200030
1.616667	0.204848	0.001909	0.195213	0.178954	0.224118	0.163899	0.191600	0.200030
1.633333	0.204848	0.001909	0.195213	0.178954	0.224118	0.163899	0.191600	0.200030
1.650000	0.205450	0.001909	0.195213	0.178954	0.224118	0.164501	0.191600	0.200633
1.666667	0.205450	0.001909	0.195815	0.178954	0.224720	0.164501	0.191600	0.200633
1.683333	0.205450	0.002511	0.195815	0.178954	0.224118	0.163899	0.191600	0.200633
1.700000	0.204848	0.001909	0.195213	0.178954	0.223516	0.163899	0.190998	0.200633
1.716667	0.204246	0.001909	0.195815	0.178352	0.224118	0.164501	0.190998	0.200633
1.733333	0.204848	0.001909	0.195213	0.178954	0.224118	0.163899	0.191600	0.200633
1.750000	0.204848	0.001909	0.195213	0.178954	0.224720	0.163899	0.191600	0.200633
1.766667	0.205450	0.001909	0.196417	0.179556	0.224720	0.163899	0.191600	0.200633
1.783333	0.205450	0.001909	0.195815	0.179556	0.224720	0.164501	0.191600	0.200633
1.800000	0.205450	0.001909	0.194611	0.178352	0.224118	0.163297	0.191600	0.200633
1.816667	0.205450	0.001909	0.195213	0.178954	0.224118	0.163899	0.190998	0.200030
1.833333	0.204848	0.001909	0.194611	0.178352	0.224118	0.163899	0.191600	0.200633
1.850000	0.204848	0.001909	0.195213	0.178954	0.224118	0.163899	0.191600	0.200633
1.866667	0.204848	0.001909	0.196417	0.179556	0.224720	0.164501	0.192202	0.200633
1.883333	0.205450	0.001909	0.195815	0.179556	0.224720	0.164501	0.191600	0.200633
1.900000	0.205450	0.001909	0.195213	0.178954	0.224118	0.163899	0.192202	0.200030
1.916667	0.205450	0.001909	0.195815	0.178352	0.224118	0.163899	0.191600	0.200030
1.933333	0.204848	0.001909	0.195213	0.178954	0.224118	0.163899	0.191600	0.200633
1.950000	0.204848	0.001909	0.195815	0.178954	0.224118	0.163899	0.191600	0.200030
1.966667	0.204848	0.001909	0.195815	0.179556	0.224720	0.163297	0.191600	0.200030
1.983333	0.205450	0.001909	0.195815	0.178954	0.224720	0.163899	0.191600	0.200633
2.000000	0.205450	0.001909	0.195213	0.178954	0.224118	0.163297	0.191600	0.200030
2.016667	0.204848	0.001909	0.195213	0.178352	0.224118	0.163297	0.191600	0.200030
2.033333	0.204848	0.001909	0.195815	0.178954	0.223516	0.163899	0.191600	0.200030
2.050000	0.205450	0.001909	0.195815	0.178954	0.224118	0.163899	0.191600	0.200633
2.066667	0.263261	0.001909	0.224720	0.198224	0.255432	0.165705	0.194611	0.204848
2.083333	0.205450	0.001909	0.195213	0.178954	0.224720	0.163899	0.190998	0.200633
2.100000	0.204848	0.001909	0.195815	0.178954	0.225323	0.163899	0.191600	0.201235
2.116667	0.206052	0.001909	0.195815	0.179556	0.224720	0.163899	0.191600	0.200633
2.133333	0.205450	0.001909	0.196417	0.178954	0.224720	0.163899	0.191600	0.200633
2.150000	0.206052	0.001909	0.195815	0.179556	0.224720	0.163899	0.192202	0.201235
2.166667	0.206052	0.001909	0.195815	0.178954	0.224720	0.163899	0.192202	0.201235
2.183333	0.204848	0.001909	0.195815	0.178954	0.224118	0.163297	0.191600	0.200030
2.200000	0.204848	0.001909	0.195213	0.178352	0.224118	0.163297	0.191600	0.200633
2.216667	0.204848	0.001909	0.195815	0.178954	0.224720	0.163297	0.191600	0.200633
2.233333	0.204848	0.001909	0.195213	0.178954	0.224720	0.164501	0.191600	0.200633
2.250000	0.205450	0.001909	0.195815	0.178954	0.224720	0.163899	0.192202	0.201235
2.266667	0.205450	0.001909	0.195815	0.179556	0.224720	0.163899	0.191600	0.200633
2.283333	0.204848	0.001909	0.195213	0.178352	0.223516	0.163899	0.191600	0.200633
2.300000	0.204848	0.001909	0.195815	0.178352	0.224118	0.163899	0.192202	0.200633
2.316667	0.204848	0.001909	0.195213	0.178954	0.224118	0.163899	0.191600	0.200633
2.333333	0.205450	0.001909	0.195213	0.178954	0.224720	0.163899	0.191600	0.200633
2.350000	0.206052	0.001909	0.195815	0.178954	0.224720	0.164501	0.192202	0.200633
2.366667	0.206052	0.001909	0.195213	0.178954	0.224720	0.163899	0.191600	0.200030
2.383333	0.204848	0.001909	0.195815	0.178352	0.224118	0.163899	0.191600	0.200030
2.400000	0.205450	0.001909	0.195213	0.178352	0.223516	0.163899	0.191600	0.200633
2.416667	0.204848	0.001909	0.195213	0.178954	0.224720	0.164501	0.190998	0.200633
2.433333	0.205450	0.001909	0.195213	0.178954	0.224118	0.163899	0.191600	0.200633
2.450000	0.205450	0.001909	0.195815	0.178954	0.224720	0.163899	0.191600	0.200633
2.466667	0.205450	0.001909	0.196417	0.178954	0.224720	0.164501	0.191600	0.200633
2.483333	0.204848	0.001909	0.194611	0.178954	0.224118	0.163899	0.191600	0.200030
2.500000	0.204848	0.001909	0.195213	0.178352	0.223516	0.163899	0.191600	0.200030
2.516667	0.204848	0.001909	0.195815	0.178954	0.224720	0.163899	0.192202	0.200633
2.533333	0.204848	0.001909	0.195815	0.178954	0.224118	0.163899	0.191600	0.200633
2.550000	0.205450	0.001909	0.195815	0.178954	0.224720	0.163899	0.191600	0.200633
2.566667	0.206052	0.001909	0.195815	0.178954	0.224118	0.164501	0.191600	0.200030
2.583333	0.204848	0.001909	0.194611	0.178954	0.223516	0.163297	0.190998	0.200030
2.600000	0.204848	0.001909	0.195213	0.178352	0.223516	0.163297	0.191600	0.200633
2.616667	0.204848	0.001909	0.195815	0.178954	0.224118	0.163899	0.191600	0.200030
2.633333	0.204848	0.001909	0.195213	0.178954	0.224720	0.163899	0.191600	0.200633
2.650000	0.204848	0.001909	0.195815	0.179556	0.224720	0.163899	0.191600	0.200633
2.666667	0.205450	0.001909	0.195213	0.178954	0.224720	0.163899	0.190998	0.200633
2.683333	0.205450	0.001909	0.194611	0.178954	0.223516	0.163899	0.191600	0.200030
2.700000	0.204848	0.001909	0.194611	0.178954	0.224720	0.163297	0.191600	0.200030
2.716667	0.204848	0.001909	0.195213	0.178954	0.223516	0.163297	0.191600	0.200633
2.733333	0.204848	0.001909	0.195213	0.178954	0.224118	0.163899	0.191600	0.200030
2.750000	0.204848	0.001909	0.195815	0.178954	0.224720	0.163899	0.191600	0.200633
2.766667	0.205450	0.001909	0.195213	0.178954	0.224118	0.163899	0.191600	0.200633
2.783333	0.205450	0.001909	0.195815	0.178352	0.224118	0.163899	0.190998	0.200633
2.800000	0.205450	0.001909	0.195213	0.178954	0.224118	0.163899	0.190998	0.200030
2.816667	0.204848	0.001909	0.195213	0.178352	0.224118	0.163899	0.191600	0.200633
2.833333	0.205450	0.001909	0.195815	0.178954	0.224118	0.163297	0.190998	0.200633
2.850000	0.204848	0.001909	0.195815	0.179556	0.224720	0.163899	0.192202	0.200030
2.866667	0.205450	0.001909	0.195815	0.178954	0.224720	0.163899	0.191600	0.200633
2.883333	0.205450	0.001909	0.195213	0.178954	0.224118	0.163297	0.190998	0.200633
2.900000	0.204848	0.001909	0.195815	0.178954	0.223516	0.163899	0.191600	0.200633
2.916667	0.204848	0.001909	0.194611	0.178954	0.224720	0.163297	0.191600	0.200030
2.933333	0.205450	0.001909	0.195213	0.178352	0.224720	0.163899	0.191600	0.200030
2.950000	0.204848	0.001909	0.195815	0.179556	0.224720	0.164501	0.191600	0.200633
2.966667	0.205450	0.001909	0.195815	0.179556	0.224720	0.163899	0.191600	0.200633
2.983333	0.205450	0.001909	0.195815	0.178954	0.224118	0.163899	0.191600	0.200633
3.000000	0.204848	0.001909	0.195213	0.178954	0.224118	0.163899	0.191600	0.200633
3.016667	0.205450	0.001909	0.195213	0.178352	0.224118	0.163899	0.190998	0.200633
3.033333	0.204848	0.001909	0.195213	0.178954	0.224118	0.163899	0.191600	0.200030
3.050000	0.204848	0.001909	0.195815	0.179556	0.224720	0.164501	0.191600	0.200633
3.066667	0.205450	0.001909	0.195815	0.178954	0.224720	0.164501	0.192202	0.200030
3.083333	0.205450	0.001909	0.195815	0.178954	0.224118	0.163899	0.191600	0.200633
3.100000	0.264465	0.001909	0.229538	0.200030	0.259648	0.165103	0.192804	0.204246
3.116667	0.242184	2.466083	0.240377	0.180158	0.230742	0.163899	0.190998	0.200633
3.133333	0.207257	2.466083	0.241582	0.179556	0.230742	0.163297	0.191600	0.200030
3.150000	0.206655	2.466083	0.241582	0.179556	0.230742	0.163899	0.191600	0.200633
3.166667	0.165103	0.001909	0.192804	0.178352	0.224118	0.163899	0.192202	0.200633
3.183333	0.204246	0.001909	0.195213	0.178954	0.224720	0.164501	0.191600	0.200633
3.200000	0.206052	0.001909	0.195815	0.179556	0.225323	0.163899	0.191600	0.200633
3.216667	0.204848	0.001909	0.195815	0.178954	0.224118	0.163899	0.190998	0.200633
3.233333	0.205450	0.001909	0.195213	0.178954	0.224118	0.163899	0.190998	0.200030
3.250000	0.204848	0.001909	0.195815	0.178954	0.224720	0.163899	0.191600	0.200633
3.266667	0.204848	0.001909	0.196417	0.178954	0.224720	0.163899	0.191600	0.200030
3.283333	0.205450	0.001909	0.196417	0.178954	0.224118	0.163899	0.191600	0.200633
3.300000	0.205450	0.001909	0.195815	0.179556	0.224118	0.164501	0.191600	0.200633
3.316667	0.206052	0.001909	0.195815	0.179556	0.224720	0.163297	0.191600	0.200633
3.333333	0.205450	0.001909	0.195213	0.178352	0.224118	0.163297	0.191600	0.200633
3.350000	0.204848	0.001909	0.195213	0.178352	0.224118	0.163899	0.191600	0.200633
3.366667	0.205450	0.001909	0.195213	0.178352	0.224720	0.163297	0.192202	0.200633
3.383333	0.205450	0.001909	0.195213	0.178954	0.224720	0.164501	0.191600	0.200633
3.400000	0.205450	0.001909	0.195815	0.179556	0.224720	0.164501	0.191600	0.200633
3.416667	0.243388	2.466083	0.244593	0.180760	0.230140	0.163899	0.191600	0.200030
3.433333	0.206655	2.466083	0.240980	0.179556	0.230140	0.163297	0.191600	0.200030
3.450000	0.206655	2.466083	0.240980	0.178954	0.230140	0.163899	0.191600	0.200030
3.466667	0.207257	2.466083	0.237366	0.177147	0.224118	0.164501	0.190998	0.200030
3.483333	0.178954	0.001909	0.195815	0.178954	0.224118	0.163899	0.192202	0.200030
3.500000	0.204848	0.001909	0.195815	0.178954	0.224720	0.164501	0.191600	0.200633
3.516667	0.205450	0.001909	0.195815	0.178954	0.224118	0.163899	0.191600	0.200633
3.533333	0.204848	0.001909	0.195213	0.178954	0.224720	0.163899	0.191600	0.200030
3.550000	0.205450	0.001909	0.195213	0.178954	0.224118	0.163297	0.191600	0.200030
3.566667	0.204848	0.001909	0.195815	0.178954	0.224118	0.163899	0.191600	0.200030
3.583333	0.204848	0.001909	0.195815	0.178954	0.224118	0.163899	0.191600	0.200633
3.600000	0.205450	0.001909	0.195815	0.179556	0.224118	0.164501	0.191600	0.200633
3.616667	0.205450	0.001909	0.195815	0.179556	0.224720	0.164501	0.191600	0.200633
3.633333	0.204848	0.001909	0.195213	0.178954	0.224118	0.163899	0.190998	0.200633
3.650000	0.204848	0.001909	0.195213	0.178352	0.223516	0.163297	0.191600	0.200030
3.666667	0.204848	0.001909	0.195213	0.178954	0.224720	0.163899	0.192202	0.200633
3.683333	0.205450	0.001909	0.195815	0.178954	0.224118	0.163899	0.191600	0.200030
3.700000	0.205450	0.001909	0.195815	0.179556	0.225323	0.163899	0.191600	0.200633
3.716667	0.245195	2.466083	0.245195	0.180760	0.230742	0.164501	0.191600	0.200030
3.733333	0.207257	2.466083	0.240980	0.178954	0.229538	0.163297	0.191600	0.200030
3.750000	0.206655	2.466083	0.241582	0.178954	0.229538	0.163899	0.190998	0.200633
3.766667	0.206655	2.466083	0.240980	0.179556	0.230742	0.163899	0.191600	0.200633
3.783333	0.168114	0.001909	0.192804	0.178352	0.224720	0.163297	0.191600	0.200633
3.800000	0.205450	0.001909	0.195815	0.179556	0.225323	0.163899	0.191600	0.200633
3.816667	0.204848	0.001909	0.195815	0.179556	0.224720	0.163899	0.191600	0.200633
3.833333	0.205450	0.001909	0.195213	0.178352	0.224118	0.163899	0.191600	0.200030
3.850000	0.205450	0.001909	0.195213	0.178352	0.224118	0.163899	0.190998	0.200633
3.866667	0.204848	0.001909	0.195213	0.178954	0.224720	0.163899	0.191600	0.200633
3.883333	0.205450	0.001909	0.195815	0.178954	0.224118	0.163899	0.191600	0.200633
3.900000	0.205450	0.001909	0.195815	0.179556	0.225323	0.163899	0.191600	0.200633
3.916667	0.205450	0.001909	0.195815	0.179556	0.224720	0.164501	0.191600	0.200633
3.933333	0.204848	0.001909	0.195815	0.178352	0.224118	0.163899	0.191600	0.200030
3.950000	0.205450	0.001909	0.195213	0.178352	0.224118	0.163297	0.191600	0.200030
3.966667	0.204848	0.001909	0.195815	0.178954	0.224720	0.163899	0.191600	0.200633
3.983333	0.205450	0.001909	0.196417	0.178954	0.224118	0.163899	0.191600	0.200030
4.000000	0.205450	0.001909	0.195815	0.180158	0.225323	0.163899	0.191600	0.200633
4.016667	0.205450	1.503176	0.245195	0.181362	0.230140	0.163899	0.191600	0.200633
4.033333	0.240377	2.466083	0.240980	0.179556	0.230140	0.163297	0.191600	0.200633
4.050000	0.206655	2.466083	0.241582	0.179556	0.230140	0.163899	0.190998	0.200030
4.066667	0.206655	2.466083	0.240980	0.179556	0.230742	0.163899	0.190998	0.200633
4.083333	0.166308	0.001909	0.192804	0.178352	0.224118	0.163899	0.191600	0.200633
4.100000	0.204246	0.001909	0.195213	0.178954	0.224720	0.163899	0.191600	0.200030
4.116667	0.204848	0.001909	0.195815	0.178954	0.224118	0.163899	0.191600	0.200030
4.133333	0.230140	0.001909	0.222312	0.197019	0.253626	0.165103	0.192804	0.204246
4.150000	0.205450	0.001909	0.195213	0.178954	0.225323	0.163899	0.191600	0.200030
4.166667	0.204848	0.001909	0.195213	0.178954	0.224720	0.163297	0.191600	0.200633
4.183333	0.204848	0.001909	0.195815	0.178352	0.224118	0.163297	0.191600	0.200030
4.200000	0.205450	0.001909	0.195815	0.178954	0.224720	0.163899	0.191600	0.200633
4.216667	0.204848	0.001909	0.195213	0.178954	0.224720	0.163899	0.191600	0.200633
4.233333	0.205450	0.001909	0.195815	0.178954	0.224720	0.163899	0.191600	0.200633
4.250000	0.205450	0.001909	0.195815	0.179556	0.224118	0.163899	0.191600	0.200030
4.266667	0.204848	0.001909	0.195213	0.178352	0.224118	0.163297	0.190998	0.200030
4.283333	0.204848	0.001909	0.195213	0.178352	0.224720	0.163899	0.191600	0.200030
4.300000	0.205450	0.001909	0.195213	0.178954	0.224118	0.163297	0.190998	0.200633
4.316667	0.204848	0.001909	0.195815	0.178352	0.224118	0.163899	0.191600	0.200030
4.333333	0.205450	0.001909	0.195815	0.179556	0.225323	0.164501	0.191600	0.200633
4.350000	0.205450	0.001909	0.195815	0.178954	0.224720	0.163899	0.190998	0.200633
4.366667	0.242786	2.466083	0.243991	0.180158	0.230140	0.163297	0.191600	0.200633
4.383333	0.206655	2.466083	0.241582	0.179556	0.229538	0.163297	0.191600	0.200633
4.400000	0.206052	2.466083	0.241582	0.179556	0.230742	0.163899	0.191600	0.200633
4.416667	0.206655	1.657338	0.192202	0.177749	0.224118	0.163297	0.191600	0.200633
4.433333	0.182567	0.001909	0.195815	0.179556	0.224720	0.163899	0.191600	0.200633
4.450000	0.205450	0.001909	0.195815	0.179556	0.224720	0.163899	0.190998	0.200633
4.466667	0.205450	0.001909	0.195213	0.178954	0.224118	0.163297	0.191600	0.200030
4.483333	0.204848	0.001909	0.195213	0.178352	0.224118	0.163297	0.190998	0.200030
4.500000	0.204848	0.001909	0.195815	0.178954	0.224118	0.163899	0.192202	0.200633
4.516667	0.205450	0.001909	0.195213	0.178954	0.224720	0.163899	0.191600	0.200030
4.533333	0.204848	0.001909	0.195815	0.179556	0.224720	0.163899	0.191600	0.200030
4.550000	0.204848	0.001909	0.196417	0.179556	0.224720	0.163899	0.191600	0.200633
4.566667	0.205450	0.001909	0.194611	0.178352	0.224118	0.163899	0.190998	0.200633
4.583333	0.204848	0.001909	0.195213	0.178352	0.224118	0.163899	0.191600	0.200633
4.600000	0.204246	0.001909	0.195815	0.178352	0.224720	0.163899	0.191600	0.200030
4.616667	0.205450	0.001909	0.195213	0.178954	0.224118	0.164501	0.191600	0.200633
4.633333	0.205450	0.001909	0.195815	0.178954	0.224720	0.163899	0.191600	0.200633
4.650000	0.206052	0.001909	0.195815	0.179556	0.224720	0.163899	0.191600	0.200030
4.666667	0.244593	2.466083	0.244593	0.180158	0.230140	0.163297	0.191600	0.200633
4.683333	0.206655	2.466083	0.240980	0.179556	0.230140	0.163899	0.191600	0.200030
4.700000	0.206052	2.466083	0.241582	0.179556	0.230140	0.163899	0.191600	0.200633
4.716667	0.206655	2.466083	0.240980	0.179556	0.230742	0.163297	0.192202	0.200633
4.733333	0.168716	0.001909	0.193406	0.178954	0.224720	0.163899	0.192202	0.200633
4.750000	0.204848	0.001909	0.195815	0.178954	0.224720	0.163899	0.191600	0.200633
4.766667	0.204848	0.001909	0.195213	0.178352	0.224118	0.163899	0.190998	0.200030
4.783333	0.204848	0.001909	0.195213	0.178352	0.224118	0.163297	0.191600	0.200030
4.800000	0.204848	0.001909	0.195213	0.178954	0.224118	0.164501	0.191600	0.200633
4.816667	0.204848	0.001909	0.195815	0.178954	0.224118	0.163899	0.191600	0.200633
4.833333	0.204848	0.001909	0.195213	0.179556	0.224118	0.164501	0.191600	0.200633
4.850000	0.204848	0.001909	0.195815	0.179556	0.224118	0.163899	0.191600	0.200633
4.866667	0.205450	0.001909	0.195815	0.178954	0.224118	0.163899	0.190998	0.200633
4.883333	0.204848	0.001909	0.195213	0.178352	0.223516	0.163899	0.190998	0.200030
4.900000	0.204246	0.001909	0.195213	0.178352	0.224118	0.163899	0.191600	0.200633
4.916667	0.204848	0.001909	0.195213	0.178954	0.224720	0.163297	0.191600	0.200030
4.933333	0.204848	0.001909	0.195213	0.178954	0.224118	0.164501	0.192202	0.200633
4.950000	0.205450	0.001909	0.195815	0.178954	0.224118	0.164501	0.191600	0.200633
4.966667	0.205450	1.888580	0.245195	0.180158	0.229538	0.163899	0.191600	0.200030
4.983333	0.238571	2.466083	0.240980	0.178954	0.229538	0.163899	0.191600	0.200633
5.000000	0.206052	2.466083	0.240980	0.179556	0.230140	0.163899	0.191600	0.200633
5.016667	0.207257	2.466083	0.241582	0.179556	0.230742	0.163899	0.191600	0.200030
5.033333	0.165705	0.001909	0.192804	0.177749	0.224118	0.163899	0.192202	0.200633
5.050000	0.204246	0.001909	0.195815	0.178954	0.224118	0.163899	0.191600	0.200030
5.066667	0.205450	0.001909	0.195815	0.179556	0.224720	0.163899	0.191600	0.200030
5.083333	0.204246	0.001909	0.195815	0.178352	0.224118	0.163297	0.190998	0.200633
5.100000	0.204848	0.001909	0.195213	0.178352	0.224118	0.163899	0.191600	0.200633
5.116667	0.204848	0.001909	0.195213	0.178954	0.224720	0.163899	0.191600	0.200030
5.133333	0.204848	0.001909	0.195815	0.178954	0.224118	0.164501	0.191600	0.200633
5.150000	0.205450	0.001909	0.195815	0.178954	0.224720	0.163899	0.191600	0.200030
5.166667	0.258443	0.001909	0.221709	0.196417	0.251819	0.165103	0.194009	0.204848
5.183333	0.206052	0.001909	0.194611	0.179556	0.224720	0.163297	0.191600	0.201235
5.200000	0.205450	0.001909	0.195815	0.178352	0.224720	0.163899	0.191600	0.200633
5.216667	0.204246	0.001909	0.195213	0.179556	0.224720	0.163899	0.191600	0.200633
5.233333	0.205450	0.001909	0.195213	0.178352	0.224720	0.163899	0.192202	0.200030
5.250000	0.204848	0.001909	0.195815	0.179556	0.224720	0.163899	0.191600	0.200633
5.266667	0.204848	0.001909	0.195815	0.178954	0.224720	0.164501	0.191600	0.200633
5.283333	0.205450	0.001909	0.195815	0.179556	0.224118	0.163899	0.191600	0.200633
5.300000	0.205450	0.001909	0.195213	0.178954	0.224720	0.163899	0.191600	0.200030
5.316667	0.239775	2.466083	0.244593	0.180158	0.230140	0.163899	0.191600	0.200030
5.333333	0.212677	2.466083	0.240980	0.178954	0.229538	0.163899	0.190998	0.200030
5.350000	0.206655	2.466083	0.241582	0.179556	0.230742	0.163899	0.191600	0.200030
5.366667	0.206655	2.466083	0.241582	0.179556	0.230742	0.164501	0.191600	0.200633
5.383333	0.166910	0.001909	0.193406	0.178352	0.224720	0.163297	0.190998	0.200030
5.400000	0.204246	0.001909	0.195213	0.178352	0.224118	0.164501	0.191600	0.200030
5.416667	0.204848	0.001909	0.194611	0.178954	0.224118	0.163899	0.191600	0.200633
5.433333	0.204848	0.001909	0.195213	0.178352	0.223516	0.163899	0.191600	0.200633
5.450000	0.204246	0.001909	0.195213	0.178954	0.224720	0.163899	0.191600	0.200030
5.466667	0.204848	0.001909	0.195815	0.178954	0.223516	0.163899	0.191600	0.200633
5.483333	0.205450	0.001909	0.195213	0.178954	0.224720	0.163899	0.191600	0.200633
5.500000	0.205450	0.001909	0.195213	0.178954	0.224118	0.163297	0.191600	0.200633
5.516667	0.204848	0.001909	0.195213	0.178352	0.224118	0.163899	0.190998	0.200030
5.533333	0.204848	0.001909	0.195213	0.178954	0.223516	0.163899	0.190998	0.200633
5.550000	0.204246	0.001909	0.195815	0.178954	0.224720	0.164501	0.191600	0.200633
5.566667	0.204848	0.001909	0.195213	0.178954	0.224118	0.163297	0.191600	0.200633
5.583333	0.205450	0.001909	0.195815	0.178954	0.224720	0.163899	0.191600	0.200030
5.600000	0.204848	0.001909	0.195815	0.178954	0.224720	0.163899	0.191600	0.200030
5.616667	0.204848	0.001909	0.195213	0.180158	0.230140	0.163899	0.190998	0.200030
5.633333	0.240980	2.466083	0.243991	0.178954	0.230140	0.163297	0.190998	0.200633
5.650000	0.207257	2.466083	0.240980	0.179556	0.230140	0.163899	0.190998	0.200030
5.666667	0.206052	2.466083	0.240980	0.179556	0.230140	0.163899	0.191600	0.200633
5.683333	0.189191	0.001909	0.192202	0.177749	0.224118	0.163297	0.191600	0.200030
5.700000	0.191600	0.001909	0.195213	0.179556	0.224720	0.163899	0.191600	0.200633
5.716667	0.204246	0.001909	0.195213	0.178352	0.223516	0.163899	0.190998	0.199428
5.733333	0.204246	0.001909	0.195213	0.178352	0.224118	0.164501	0.191600	0.200030
5.750000	0.204848	0.001909	0.195213	0.178954	0.224118	0.163899	0.191600	0.200633
5.766667	0.205450	0.001909	0.195213	0.178352	0.223516	0.163899	0.191600	0.200030
5.783333	0.204246	0.001909	0.195815	0.178954	0.225323	0.164501	0.191600	0.200633
5.800000	0.205450	0.001909	0.195815	0.178954	0.224118	0.164501	0.190998	0.200633
5.816667	0.204848	0.001909	0.195213	0.178352	0.224118	0.163297	0.191600	0.200030
5.833333	0.204848	0.001909	0.195213	0.178352	0.223516	0.163899	0.190998	0.200030
5.850000	0.204848	0.001909	0.195213	0.178352	0.224118	0.163297	0.191600	0.200633
5.866667	0.205450	0.001909	0.195815	0.179556	0.224118	0.163899	0.191600	0.200030
5.883333	0.204848	0.001909	0.195213	0.178954	0.224118	0.163899	0.191600	0.200030
5.900000	0.205450	0.001909	0.195213	0.178954	0.224118	0.163899	0.191600	0.200030
5.916667	0.204848	0.001909	0.195815	0.178954	0.224118	0.163297	0.190998	0.200633
5.933333	0.243991	2.466083	0.243991	0.179556	0.229538	0.163899	0.190998	0.200633
5.950000	0.206655	2.466083	0.240980	0.178954	0.230140	0.163899	0.191600	0.200633
5.966667	0.206655	2.466083	0.241582	0.179556	0.230140	0.163899	0.191600	0.200633
5.983333	0.206655	2.466083	0.240980	0.177147	0.224118	0.164501	0.191600	0.200030
6.000000	0.169921	0.001909	0.193406	0.178954	0.224118	0.163899	0.191600	0.200633
6.016667	0.204246	0.001909	0.195213	0.178954	0.223516	0.163297	0.191600	0.200030
6.033333	0.204848	0.001909	0.195815	0.178352	0.224118	0.163899	0.190998	0.200633
6.050000	0.204246	0.001909	0.195213	0.178352	0.224118	0.163899	0.191600	0.199428
6.066667	0.204848	0.001909	0.195213	0.178954	0.224118	0.163899	0.190998	0.200030
6.083333	0.204848	0.001909	0.195213	0.178954	0.224118	0.163899	0.191600	0.200030
6.100000	0.204848	0.001909	0.195213	0.178954	0.224720	0.163899	0.191600	0.200633
6.116667	0.205450	0.001909	0.195815	0.178352	0.224118	0.163297	0.190998	0.200030
6.133333	0.204848	0.001909	0.195213	0.178352	0.224118	0.163297	0.191600	0.200030
6.150000	0.204246	0.001909	0.195213	0.178352	0.224118	0.163899	0.191600	0.200030
6.166667	0.204848	0.001909	0.195213	0.178954	0.224118	0.163297	0.191600	0.200030
6.183333	0.204848	0.001909	0.195815	0.178954	0.224720	0.164501	0.191600	0.200030
