06/26/2019
11:27:16 AM

Insert channel info here... 
Insert channel info here... 
Insert channel info here... 
Insert channel info here... 
Insert channel info here... 
Insert channel info here... 
Insert channel info here... 
Insert channel info here... 

Time		   v0		   v1		   v2		   v3		   v4		   v5		   v6		   v7		   y0		   y1		   y2		   y3		   y4		   y5		   y6		   y7 
0.000000	0.436692	0.001909	0.333115	0.275907	0.441510	0.187987	0.296381	0.330706
0.005000	0.240377	0.001909	0.218698	0.195815	0.262056	0.169319	0.211472	0.225925
0.010000	0.237969	0.001909	0.221709	0.194611	0.263261	0.169319	0.214483	0.225925
0.015000	0.239173	0.002511	0.221709	0.195213	0.263863	0.169921	0.214483	0.224720
0.020000	0.239173	0.001909	0.222312	0.195815	0.263863	0.169921	0.214483	0.224720
0.025000	0.238571	0.001909	0.221107	0.194611	0.262659	0.169319	0.214483	0.224720
0.030000	0.239173	0.001909	0.222312	0.195815	0.263863	0.169921	0.214483	0.225925
0.035000	0.239173	0.001909	0.222312	0.195213	0.263863	0.169921	0.214483	0.224720
0.040000	0.238571	0.001909	0.221107	0.194611	0.262659	0.169921	0.214483	0.225323
0.045000	0.238571	0.001909	0.221709	0.195213	0.263863	0.169921	0.214483	0.225323
0.050000	0.238571	0.001909	0.221709	0.195213	0.263863	0.169921	0.215085	0.225925
0.055000	0.239173	0.001909	0.221107	0.195213	0.263261	0.169921	0.214483	0.225323
0.060000	0.238571	0.001909	0.221107	0.194611	0.263261	0.169319	0.214483	0.225323
0.065000	0.239173	0.001909	0.222312	0.195815	0.263261	0.169921	0.214483	0.225323
0.070000	0.239173	0.001909	0.221709	0.195213	0.263261	0.169921	0.214483	0.225323
0.075000	0.238571	0.001909	0.221107	0.194009	0.263261	0.169921	0.214483	0.225323
0.080000	0.237969	0.001909	0.221709	0.194611	0.263261	0.169921	0.214483	0.224720
0.085000	0.239173	0.001909	0.221709	0.195815	0.263863	0.169921	0.214483	0.225323
0.090000	0.238571	0.001909	0.221709	0.194611	0.263261	0.169921	0.214483	0.225323
0.095000	0.238571	0.001909	0.221107	0.194611	0.263863	0.169921	0.213881	0.225925
0.100000	0.239173	0.001909	0.222312	0.195815	0.263863	0.170523	0.214483	0.225323
0.105000	0.239173	0.001909	0.221709	0.194611	0.262659	0.169921	0.215085	0.225925
0.110000	0.238571	0.001909	0.221107	0.194611	0.263261	0.169319	0.214483	0.225323
0.115000	0.238571	0.002511	0.222312	0.195213	0.263261	0.169319	0.215085	0.225925
0.120000	0.239173	0.001909	0.221709	0.195815	0.263863	0.169921	0.214483	0.225323
0.125000	0.238571	0.001909	0.221107	0.194009	0.263261	0.169921	0.214483	0.225925
0.130000	0.239173	0.001909	0.221709	0.195815	0.263863	0.169921	0.214483	0.225323
0.135000	0.239775	0.001909	0.222312	0.195213	0.263863	0.169921	0.215085	0.224720
0.140000	0.239173	0.001909	0.221107	0.194009	0.263261	0.169921	0.214483	0.225323
0.145000	0.238571	0.001909	0.221107	0.194611	0.262659	0.169921	0.214483	0.225323
0.150000	0.238571	0.001909	0.221709	0.195213	0.263261	0.170523	0.214483	0.225323
0.155000	0.239775	0.001909	0.221709	0.195213	0.263261	0.169921	0.214483	0.225323
0.160000	0.238571	0.001909	0.221107	0.194009	0.262659	0.169319	0.213881	0.224720
0.165000	0.239173	0.001909	0.222312	0.195213	0.263261	0.169921	0.213881	0.225323
0.170000	0.239173	0.001909	0.221709	0.195213	0.263863	0.170523	0.214483	0.225323
0.175000	0.238571	0.001909	0.221107	0.194009	0.263261	0.169921	0.213881	0.224720
0.180000	0.237969	0.001909	0.221709	0.194611	0.263261	0.169921	0.214483	0.225323
0.185000	0.239173	0.001909	0.221709	0.195815	0.263863	0.169921	0.214483	0.225323
0.190000	0.238571	0.001909	0.221107	0.194009	0.262659	0.169921	0.213881	0.225323
0.195000	0.237969	0.001909	0.221709	0.194611	0.263261	0.169921	0.213881	0.225323
0.200000	0.239173	0.001909	0.222312	0.195815	0.263863	0.170523	0.213881	0.225323
0.205000	0.239173	0.001909	0.221709	0.195213	0.263261	0.169921	0.214483	0.225925
0.210000	0.238571	0.001909	0.221709	0.194611	0.263261	0.169921	0.213881	0.225323
0.215000	0.239173	0.001909	0.221709	0.195815	0.263261	0.169921	0.214483	0.225323
0.220000	0.239775	0.001909	0.222312	0.195213	0.263863	0.170523	0.214483	0.225925
0.225000	0.238571	0.001909	0.221107	0.194611	0.263261	0.169921	0.214483	0.225323
0.230000	0.238571	0.001909	0.222312	0.195213	0.263863	0.170523	0.215085	0.225323
0.235000	0.239173	0.001909	0.222312	0.195815	0.264465	0.169921	0.214483	0.225323
0.240000	0.239173	0.001909	0.221709	0.194611	0.263261	0.169921	0.214483	0.225323
0.245000	0.239173	0.001909	0.222312	0.194611	0.263261	0.169319	0.213881	0.225323
0.250000	0.238571	0.001909	0.221709	0.195815	0.263261	0.169921	0.214483	0.225925
0.255000	0.239173	0.001909	0.221709	0.195213	0.263863	0.169921	0.214483	0.225323
0.260000	0.238571	0.001909	0.221107	0.194611	0.263261	0.169319	0.214483	0.225323
0.265000	0.239173	0.001909	0.222312	0.195213	0.263261	0.169921	0.214483	0.225925
0.270000	0.239173	0.001909	0.221709	0.195213	0.263261	0.169921	0.213881	0.225323
0.275000	0.238571	0.001909	0.221107	0.194611	0.263261	0.169319	0.214483	0.225323
0.280000	0.238571	0.001909	0.221709	0.195213	0.262056	0.169319	0.213881	0.224720
0.285000	0.239173	0.001909	0.222312	0.195815	0.263261	0.170523	0.214483	0.224720
0.290000	0.239173	0.001909	0.221107	0.194611	0.263261	0.169319	0.213881	0.225323
0.295000	0.238571	0.002511	0.221709	0.194611	0.263261	0.169921	0.214483	0.225323
0.300000	0.238571	0.001909	0.222312	0.195815	0.264465	0.170523	0.215085	0.225323
0.305000	0.239173	0.001909	0.221709	0.195213	0.262659	0.169921	0.214483	0.224720
0.310000	0.238571	0.001909	0.221107	0.194611	0.263261	0.170523	0.214483	0.225323
0.315000	0.238571	0.001909	0.221709	0.195213	0.263261	0.169921	0.214483	0.225323
0.320000	0.239775	0.001909	0.221709	0.194611	0.263863	0.169921	0.214483	0.225323
0.325000	0.238571	0.001909	0.221107	0.194009	0.263261	0.169921	0.213881	0.225323
0.330000	0.238571	0.001909	0.221709	0.195213	0.263261	0.169921	0.214483	0.225925
0.335000	0.239173	0.001909	0.222312	0.195815	0.263261	0.170523	0.214483	0.225925
0.340000	0.238571	0.001909	0.221107	0.194009	0.262659	0.169921	0.214483	0.225323
0.345000	0.238571	0.001909	0.221709	0.194611	0.262659	0.169319	0.214483	0.225323
0.350000	0.239173	0.001909	0.222312	0.195815	0.263863	0.169921	0.214483	0.225925
0.355000	0.239173	0.001909	0.222312	0.195213	0.263261	0.170523	0.214483	0.225323
0.360000	0.237969	0.001909	0.221107	0.195213	0.263261	0.169921	0.214483	0.225323
0.365000	0.239173	0.001909	0.222312	0.195815	0.263863	0.169921	0.214483	0.225323
0.370000	0.239775	0.001909	0.222312	0.195815	0.263863	0.169921	0.215085	0.225323
0.375000	0.239173	0.001909	0.221107	0.194009	0.263261	0.169921	0.214483	0.225323
0.380000	0.238571	0.001909	0.221709	0.194009	0.263261	0.169921	0.214483	0.225925
0.385000	0.239173	0.001909	0.221709	0.195213	0.263261	0.169921	0.213881	0.225323
0.390000	0.239173	0.001909	0.221709	0.195213	0.262659	0.169921	0.214483	0.225323
0.395000	0.238571	0.001909	0.221107	0.194611	0.262659	0.169921	0.214483	0.225323
0.400000	0.238571	0.001909	0.221709	0.195815	0.263261	0.169921	0.215085	0.225925
0.405000	0.238571	0.001909	0.221107	0.194611	0.262659	0.169921	0.214483	0.225323
0.410000	0.238571	0.001909	0.221107	0.194611	0.263261	0.169921	0.214483	0.225925
0.415000	0.239173	0.001909	0.222312	0.195213	0.263863	0.169921	0.214483	0.225323
0.420000	0.239173	0.001909	0.222312	0.195213	0.263863	0.170523	0.213881	0.225323
0.425000	0.237969	0.002511	0.221107	0.194611	0.262659	0.169921	0.213881	0.225323
0.430000	0.238571	0.001909	0.222312	0.194611	0.263261	0.169319	0.215085	0.225925
0.435000	0.238571	0.001909	0.222312	0.195213	0.263863	0.169921	0.215085	0.225323
0.440000	0.238571	0.001909	0.221107	0.194611	0.263261	0.169921	0.213881	0.225323
0.445000	0.238571	0.001909	0.221709	0.195213	0.263261	0.169319	0.214483	0.225323
0.450000	0.238571	0.001909	0.222312	0.195213	0.263261	0.169921	0.214483	0.225925
0.455000	0.239173	0.001909	0.221709	0.195213	0.263261	0.169921	0.214483	0.225323
0.460000	0.237969	0.001909	0.221107	0.194009	0.262659	0.169319	0.214483	0.224720
0.465000	0.238571	0.001909	0.221709	0.195213	0.263863	0.169319	0.214483	0.224720
0.470000	0.239173	0.001909	0.221709	0.195213	0.263863	0.169921	0.214483	0.225323
0.475000	0.237969	0.001909	0.220505	0.194611	0.262659	0.169319	0.213881	0.225323
0.480000	0.237366	0.001909	0.221709	0.194611	0.262659	0.169921	0.213881	0.224720
0.485000	0.238571	0.001909	0.221709	0.195213	0.263863	0.169921	0.214483	0.225323
0.490000	0.238571	0.001909	0.221107	0.194009	0.262659	0.169921	0.214483	0.224720
0.495000	0.238571	0.001909	0.221709	0.194611	0.262659	0.169921	0.213881	0.225323
0.500000	0.239173	0.001909	0.222312	0.195815	0.263863	0.169921	0.214483	0.225323
0.505000	0.239173	0.001909	0.221107	0.194611	0.262659	0.169319	0.213881	0.224720
0.510000	0.237969	0.001909	0.220505	0.194611	0.263261	0.169921	0.213881	0.225323
0.515000	0.237969	0.001909	0.221709	0.195213	0.262659	0.169921	0.213881	0.225323
0.520000	0.239775	0.001909	0.221709	0.195815	0.263261	0.169921	0.215085	0.225323
0.525000	0.238571	0.001909	0.221107	0.194009	0.262659	0.169319	0.213881	0.225323
0.530000	0.238571	0.001909	0.222312	0.195213	0.263261	0.169921	0.214483	0.225925
0.535000	0.239173	0.002511	0.221709	0.195213	0.263863	0.169921	0.214483	0.225323
0.540000	0.238571	0.001909	0.221709	0.194611	0.262659	0.169921	0.213881	0.224720
0.545000	0.238571	0.001909	0.221107	0.195213	0.263863	0.169921	0.214483	0.225925
0.550000	0.238571	0.001909	0.221709	0.195815	0.264465	0.170523	0.214483	0.225323
0.555000	0.239173	0.001909	0.221709	0.194611	0.263261	0.169921	0.213881	0.225323
0.560000	0.238571	0.001909	0.221107	0.194611	0.263261	0.169921	0.214483	0.225323
0.565000	0.239173	0.001909	0.222312	0.195213	0.263863	0.169921	0.214483	0.224720
0.570000	0.239173	0.001909	0.222312	0.195213	0.263863	0.169921	0.215085	0.225323
0.575000	0.238571	0.001909	0.221107	0.194611	0.263261	0.169921	0.213881	0.225323
0.580000	0.237969	0.001909	0.221709	0.195213	0.263863	0.169921	0.213881	0.225323
0.585000	0.239173	0.001909	0.222312	0.195815	0.263863	0.169921	0.213881	0.225323
0.590000	0.239173	0.001909	0.221107	0.194009	0.263261	0.169319	0.213881	0.224720
0.595000	0.238571	0.001909	0.221107	0.195213	0.263261	0.169921	0.214483	0.225323
0.600000	0.239173	0.001909	0.222312	0.195815	0.263863	0.170523	0.215085	0.226527
0.605000	0.239173	0.001909	0.221709	0.194611	0.263261	0.169921	0.214483	0.225323
0.610000	0.237969	0.001909	0.221107	0.194009	0.263261	0.169319	0.213881	0.224720
0.615000	0.238571	0.001909	0.221709	0.195213	0.263261	0.169921	0.214483	0.225925
0.620000	0.239173	0.002511	0.222312	0.195213	0.263863	0.170523	0.214483	0.225925
0.625000	0.238571	0.002511	0.220505	0.194009	0.263261	0.169921	0.213881	0.225323
0.630000	0.238571	0.001909	0.222312	0.195213	0.263863	0.169921	0.214483	0.225925
0.635000	0.239173	0.001909	0.222312	0.195815	0.263863	0.169921	0.213881	0.225323
0.640000	0.238571	0.001909	0.221709	0.194009	0.262659	0.169921	0.213279	0.224720
0.645000	0.238571	0.001909	0.221709	0.194611	0.262659	0.169319	0.213881	0.225323
0.650000	0.238571	0.001909	0.222312	0.195815	0.263261	0.169921	0.213881	0.225323
0.655000	0.238571	0.001909	0.221107	0.194611	0.263261	0.169319	0.214483	0.224720
0.660000	0.237969	0.001909	0.221107	0.194009	0.263261	0.169319	0.213881	0.224720
0.665000	0.238571	0.001909	0.222312	0.195815	0.263261	0.170523	0.214483	0.225323
0.670000	0.238571	0.001909	0.221709	0.194611	0.263261	0.169921	0.213881	0.225323
0.675000	0.237969	0.001909	0.221107	0.194009	0.262659	0.169319	0.214483	0.225323
0.680000	0.238571	0.001909	0.221107	0.194611	0.263261	0.169921	0.214483	0.225323
0.685000	0.239173	0.001909	0.222312	0.195815	0.263261	0.170523	0.214483	0.225925
0.690000	0.237969	0.001909	0.221107	0.194009	0.262659	0.169921	0.213881	0.225323
0.695000	0.238571	0.001909	0.221709	0.195213	0.263863	0.169921	0.215085	0.225925
0.700000	0.239173	0.001909	0.222914	0.195815	0.263863	0.170523	0.214483	0.225925
0.705000	0.238571	0.001909	0.221107	0.194611	0.262659	0.169319	0.213881	0.225323
0.710000	0.237969	0.001909	0.221107	0.194009	0.263261	0.169921	0.213881	0.224720
0.715000	0.238571	0.001909	0.221709	0.195213	0.262659	0.169319	0.213881	0.225323
0.720000	0.239173	0.001909	0.221709	0.195213	0.263863	0.169921	0.214483	0.225323
0.725000	0.237969	0.001909	0.221107	0.194009	0.262056	0.169319	0.214483	0.225323
0.730000	0.238571	0.001909	0.221709	0.195213	0.263863	0.169921	0.214483	0.225323
0.735000	0.238571	0.001909	0.222312	0.195213	0.263261	0.169921	0.214483	0.225323
0.740000	0.238571	0.001909	0.220505	0.194009	0.262659	0.169921	0.213881	0.224720
0.745000	0.239173	0.001909	0.221107	0.194611	0.262659	0.169319	0.214483	0.225323
0.750000	0.238571	0.001909	0.221709	0.195213	0.263261	0.169921	0.214483	0.225323
0.755000	0.238571	0.001909	0.221709	0.194611	0.263261	0.169921	0.213881	0.225323
0.760000	0.237969	0.001909	0.220505	0.195213	0.262659	0.169319	0.213881	0.224720
0.765000	0.239173	0.001909	0.222312	0.195213	0.263863	0.170523	0.214483	0.225925
0.770000	0.239173	0.001909	0.221709	0.195213	0.263261	0.169921	0.213881	0.225323
0.775000	0.238571	0.001909	0.221107	0.194611	0.263261	0.169921	0.213881	0.224720
0.780000	0.237969	0.001909	0.221709	0.194611	0.262659	0.169319	0.213881	0.225323
0.785000	0.239173	0.001909	0.221709	0.195213	0.263863	0.169921	0.214483	0.225925
0.790000	0.238571	0.001909	0.220505	0.194611	0.262659	0.169921	0.214483	0.225323
0.795000	0.237969	0.001909	0.221107	0.194611	0.262659	0.169921	0.213881	0.224720
0.800000	0.239173	0.001909	0.221709	0.195213	0.263261	0.169921	0.214483	0.225925
0.805000	0.238571	0.001909	0.221107	0.194611	0.262659	0.169921	0.213881	0.225323
0.810000	0.237969	0.001909	0.221107	0.194009	0.263261	0.169921	0.213881	0.225925
0.815000	0.238571	0.001909	0.221709	0.195213	0.263261	0.169921	0.214483	0.225323
0.820000	0.239173	0.001909	0.222312	0.195213	0.263261	0.169921	0.214483	0.225323
0.825000	0.238571	0.001909	0.221107	0.194009	0.262659	0.169921	0.213881	0.224720
0.830000	0.237969	0.001909	0.221709	0.195213	0.263261	0.169921	0.215085	0.225323
0.835000	0.239173	0.001909	0.222312	0.195815	0.263863	0.170523	0.213881	0.225323
0.840000	0.237969	0.001909	0.221107	0.194009	0.262659	0.169319	0.213881	0.224720
0.845000	0.238571	0.001909	0.221709	0.194611	0.262659	0.169319	0.213881	0.225323
0.850000	0.238571	0.001909	0.221709	0.195213	0.263261	0.169921	0.214483	0.225323
0.855000	0.239173	0.001909	0.221709	0.194611	0.263261	0.169319	0.213881	0.225323
0.860000	0.238571	0.001909	0.220505	0.194611	0.263261	0.169921	0.213881	0.224720
0.865000	0.238571	0.001909	0.222312	0.195213	0.263863	0.169319	0.214483	0.225323
0.870000	0.239173	0.001909	0.221709	0.195213	0.262659	0.169319	0.213881	0.224720
0.875000	0.238571	0.001909	0.220505	0.194009	0.262659	0.169319	0.214483	0.224720
0.880000	0.238571	0.001909	0.221107	0.195213	0.263261	0.169921	0.213881	0.225323
0.885000	0.238571	0.001909	0.222312	0.195213	0.263261	0.170523	0.213881	0.224720
0.890000	0.238571	0.001909	0.221107	0.194611	0.262659	0.169319	0.213881	0.225323
0.895000	0.238571	0.001909	0.221107	0.194611	0.263261	0.169921	0.213881	0.225323
0.900000	0.238571	0.001909	0.221709	0.195213	0.263261	0.170523	0.213881	0.225323
0.905000	0.238571	0.001909	0.221709	0.194611	0.263261	0.169921	0.213279	0.225323
0.910000	0.237969	0.001909	0.221107	0.194009	0.262659	0.169319	0.213881	0.225323
0.915000	0.238571	0.001909	0.221709	0.195213	0.263261	0.169319	0.213881	0.225323
0.920000	0.239173	0.001909	0.221709	0.195213	0.263863	0.170523	0.213881	0.225323
0.925000	0.237969	0.001909	0.221107	0.194009	0.263261	0.169319	0.214483	0.224720
0.930000	0.237969	0.001909	0.221709	0.194611	0.263261	0.169921	0.214483	0.225323
0.935000	0.238571	0.001909	0.222312	0.195213	0.263863	0.169921	0.214483	0.225323
0.940000	0.238571	0.001909	0.221107	0.194009	0.262659	0.169921	0.213881	0.225323
0.945000	0.238571	0.001909	0.221709	0.194611	0.262659	0.169319	0.213881	0.225323
0.950000	0.238571	0.001909	0.221107	0.195213	0.263261	0.169921	0.214483	0.225323
0.955000	0.238571	0.001909	0.221709	0.194611	0.263261	0.169921	0.214483	0.225323
0.960000	0.238571	0.001909	0.221107	0.194009	0.263261	0.169921	0.214483	0.225323
0.965000	0.239173	0.001909	0.221709	0.195213	0.263261	0.169319	0.214483	0.225323
0.970000	0.238571	0.001909	0.221709	0.195213	0.263261	0.169921	0.213881	0.225323
0.975000	0.238571	0.001909	0.221107	0.194009	0.263261	0.169921	0.213881	0.225323
0.980000	0.238571	0.001909	0.221709	0.194611	0.262659	0.169921	0.214483	0.225323
0.985000	0.238571	0.001909	0.221709	0.195213	0.263261	0.169921	0.213881	0.225323
0.990000	0.237969	0.001909	0.221107	0.194611	0.263261	0.169921	0.214483	0.225323
0.995000	0.237969	0.001909	0.221107	0.194611	0.262659	0.169921	0.213881	0.224720
1.000000	0.259045	0.001909	0.219301	0.192804	0.245797	0.163899	0.189793	0.201235
1.005000	0.201235	0.001909	0.189793	0.175943	0.221107	0.162694	0.188589	0.197622
1.010000	0.201235	0.001909	0.190998	0.175943	0.220505	0.162694	0.188589	0.197019
1.015000	0.200633	0.002511	0.191600	0.175943	0.220505	0.162694	0.188589	0.197019
1.020000	0.201235	0.001909	0.191600	0.177147	0.220505	0.162694	0.188589	0.197019
1.025000	0.200633	0.001909	0.191600	0.176545	0.221107	0.162694	0.189191	0.197622
1.030000	0.200030	0.001909	0.190998	0.175943	0.220505	0.162694	0.187987	0.197019
1.035000	0.200633	0.001909	0.190395	0.175341	0.219903	0.162694	0.187987	0.197019
1.040000	0.200030	0.001909	0.190998	0.175341	0.219903	0.162694	0.188589	0.196417
1.045000	0.200633	0.001909	0.190998	0.176545	0.219903	0.162694	0.187987	0.197019
1.050000	0.200633	0.001909	0.191600	0.175943	0.220505	0.162694	0.188589	0.197019
1.055000	0.201235	0.001909	0.191600	0.176545	0.221107	0.163297	0.188589	0.197019
1.060000	0.200633	0.001909	0.190998	0.175341	0.219903	0.163297	0.188589	0.196417
1.065000	0.200633	0.001909	0.190395	0.175943	0.220505	0.162694	0.187987	0.197019
1.070000	0.200633	0.001909	0.190998	0.175341	0.219301	0.162694	0.187987	0.196417
1.075000	0.200633	0.001909	0.191600	0.175943	0.220505	0.163297	0.188589	0.197019
1.080000	0.201235	0.001909	0.190998	0.175943	0.220505	0.162694	0.187987	0.197019
1.085000	0.200633	0.001909	0.190998	0.175943	0.219903	0.162694	0.187987	0.197019
1.090000	0.200030	0.001909	0.190395	0.175943	0.219301	0.162092	0.187987	0.196417
1.095000	0.200030	0.001909	0.190998	0.175341	0.219903	0.162092	0.188589	0.197019
1.100000	0.200633	0.001909	0.190998	0.175943	0.220505	0.162694	0.188589	0.196417
1.105000	0.200030	0.001909	0.190998	0.175943	0.220505	0.162694	0.188589	0.196417
1.110000	0.200633	0.001909	0.191600	0.176545	0.219903	0.162694	0.188589	0.197019
1.115000	0.200633	0.001909	0.190998	0.175943	0.220505	0.162694	0.187987	0.196417
1.120000	0.200633	0.001909	0.190395	0.175341	0.219903	0.162092	0.187987	0.196417
1.125000	0.200633	0.001909	0.190395	0.175943	0.219903	0.162694	0.187987	0.197019
1.130000	0.200633	0.001909	0.190998	0.175943	0.219903	0.162694	0.187987	0.197019
1.135000	0.200633	0.001909	0.191600	0.176545	0.220505	0.163297	0.188589	0.197019
1.140000	0.201235	0.001909	0.191600	0.176545	0.220505	0.162694	0.187987	0.196417
1.145000	0.200633	0.001909	0.190998	0.175943	0.219903	0.163297	0.188589	0.197019
1.150000	0.200030	0.001909	0.190998	0.175943	0.219903	0.162694	0.187987	0.197019
1.155000	0.200633	0.001909	0.190395	0.175943	0.220505	0.162694	0.188589	0.197622
1.160000	0.200633	0.001909	0.191600	0.175943	0.219301	0.162694	0.187987	0.197019
1.165000	0.200633	0.001909	0.191600	0.176545	0.220505	0.162694	0.188589	0.197019
1.170000	0.201235	0.001909	0.191600	0.176545	0.220505	0.162694	0.189191	0.197019
1.175000	0.201235	0.001909	0.190998	0.175341	0.219903	0.162694	0.187987	0.197019
1.180000	0.200633	0.001909	0.190998	0.175943	0.219903	0.162694	0.188589	0.197019
1.185000	0.200633	0.001909	0.190395	0.175943	0.220505	0.163297	0.188589	0.197019
1.190000	0.200633	0.001909	0.190998	0.176545	0.221107	0.162694	0.188589	0.197622
1.195000	0.200633	0.001909	0.191600	0.175943	0.220505	0.162694	0.187987	0.197019
1.200000	0.200633	0.001909	0.190998	0.176545	0.220505	0.162694	0.188589	0.197622
1.205000	0.201235	0.001909	0.190998	0.175943	0.219903	0.162694	0.187987	0.196417
1.210000	0.200030	0.001909	0.190998	0.175943	0.219903	0.162694	0.187987	0.197019
1.215000	0.200633	0.001909	0.190998	0.175943	0.220505	0.162694	0.188589	0.197019
1.220000	0.200633	0.001909	0.191600	0.176545	0.220505	0.162694	0.187987	0.197019
1.225000	0.200633	0.001909	0.191600	0.176545	0.219903	0.162694	0.188589	0.197019
1.230000	0.200633	0.001909	0.190998	0.177147	0.220505	0.162694	0.188589	0.197019
1.235000	0.201235	0.001909	0.190998	0.175943	0.219903	0.162092	0.187987	0.197019
1.240000	0.200633	0.001909	0.190395	0.175341	0.219903	0.162694	0.188589	0.197019
1.245000	0.200633	0.001909	0.191600	0.176545	0.220505	0.162092	0.189191	0.197622
1.250000	0.201235	0.001909	0.191600	0.176545	0.219903	0.162694	0.187987	0.197622
1.255000	0.201235	0.001909	0.191600	0.175943	0.220505	0.162694	0.188589	0.197019
1.260000	0.200633	0.001909	0.190998	0.175943	0.219903	0.163297	0.187987	0.197019
1.265000	0.200633	0.001909	0.190395	0.175341	0.219903	0.162694	0.187987	0.197019
1.270000	0.200633	0.001909	0.190998	0.175943	0.219903	0.162694	0.188589	0.197019
1.275000	0.201235	0.001909	0.190998	0.175943	0.219903	0.162694	0.188589	0.197019
1.280000	0.200633	0.001909	0.191600	0.176545	0.220505	0.163297	0.188589	0.197019
1.285000	0.200633	0.001909	0.191600	0.176545	0.221107	0.163899	0.188589	0.197019
1.290000	0.201235	0.001909	0.190998	0.175943	0.220505	0.162694	0.189191	0.197019
1.295000	0.200633	0.001909	0.190998	0.175943	0.220505	0.162092	0.188589	0.197019
1.300000	0.200633	0.001909	0.190395	0.175943	0.219301	0.163297	0.187987	0.196417
1.305000	0.201235	0.001909	0.190998	0.175943	0.220505	0.162694	0.188589	0.197019
1.310000	0.201235	0.001909	0.191600	0.176545	0.221107	0.163297	0.189191	0.197622
1.315000	0.201235	0.001909	0.191600	0.175943	0.220505	0.163297	0.188589	0.196417
1.320000	0.200633	0.001909	0.190998	0.175943	0.219903	0.162694	0.188589	0.196417
1.325000	0.200633	0.001909	0.190395	0.175943	0.220505	0.162694	0.188589	0.197019
1.330000	0.200030	0.001909	0.190395	0.175943	0.219903	0.163297	0.188589	0.197019
1.335000	0.200633	0.001909	0.190998	0.176545	0.220505	0.163297	0.188589	0.197622
1.340000	0.200633	0.001909	0.191600	0.175943	0.220505	0.163297	0.188589	0.197622
1.345000	0.200633	0.001909	0.190998	0.175943	0.220505	0.162694	0.187987	0.196417
1.350000	0.200633	0.001909	0.190998	0.175943	0.219903	0.162694	0.187987	0.197019
1.355000	0.200633	0.001909	0.190998	0.175341	0.219903	0.162694	0.187987	0.196417
1.360000	0.200633	0.001909	0.191600	0.175943	0.220505	0.162694	0.188589	0.197622
1.365000	0.200633	0.001909	0.191600	0.176545	0.220505	0.163297	0.189191	0.197019
1.370000	0.201235	0.001909	0.191600	0.176545	0.220505	0.162694	0.187987	0.197019
1.375000	0.201235	0.001909	0.190998	0.176545	0.220505	0.162694	0.188589	0.196417
1.380000	0.200030	0.001909	0.190395	0.175341	0.219903	0.162694	0.188589	0.197019
1.385000	0.200633	0.001909	0.190998	0.175943	0.219903	0.162694	0.188589	0.197019
1.390000	0.200633	0.001909	0.191600	0.175943	0.220505	0.162694	0.188589	0.197019
1.395000	0.201235	0.001909	0.191600	0.176545	0.221107	0.163297	0.188589	0.197019
1.400000	0.201235	0.001909	0.190998	0.176545	0.220505	0.163297	0.188589	0.197622
1.405000	0.201235	0.001909	0.191600	0.176545	0.220505	0.163297	0.188589	0.197019
1.410000	0.200633	0.001909	0.190998	0.175341	0.219903	0.162694	0.188589	0.197019
1.415000	0.200633	0.001909	0.190998	0.175943	0.219903	0.162694	0.187987	0.197019
1.420000	0.201235	0.001909	0.191600	0.176545	0.221107	0.163297	0.188589	0.197019
1.425000	0.201235	0.001909	0.191600	0.175943	0.221107	0.163297	0.189191	0.197622
1.430000	0.200633	0.001909	0.191600	0.176545	0.220505	0.162694	0.188589	0.197019
1.435000	0.201235	0.001909	0.190998	0.175943	0.220505	0.162694	0.188589	0.197019
1.440000	0.200633	0.001909	0.190395	0.175943	0.219903	0.162092	0.188589	0.196417
1.445000	0.200633	0.001909	0.190395	0.175341	0.219903	0.163297	0.187987	0.196417
1.450000	0.200633	0.001909	0.191600	0.175943	0.219903	0.162694	0.188589	0.197019
1.455000	0.200633	0.001909	0.191600	0.176545	0.220505	0.163297	0.188589	0.197019
1.460000	0.201235	0.001909	0.190998	0.176545	0.220505	0.163297	0.188589	0.196417
1.465000	0.200633	0.001909	0.190998	0.175943	0.219301	0.162092	0.188589	0.196417
1.470000	0.200030	0.001909	0.190395	0.175341	0.219903	0.162694	0.187987	0.196417
1.475000	0.200633	0.001909	0.190998	0.175943	0.219301	0.163297	0.187987	0.197019
1.480000	0.200633	0.001909	0.191600	0.176545	0.219903	0.163297	0.188589	0.197019
1.485000	0.201235	0.001909	0.191600	0.176545	0.220505	0.163297	0.188589	0.197019
1.490000	0.201235	0.001909	0.190395	0.175943	0.219903	0.162694	0.188589	0.197019
1.495000	0.200633	0.001909	0.190395	0.175943	0.219903	0.162694	0.188589	0.197019
1.500000	0.201235	0.001909	0.190998	0.175943	0.219903	0.162694	0.187987	0.197019
1.505000	0.200633	0.001909	0.190998	0.176545	0.219903	0.162694	0.188589	0.196417
1.510000	0.200633	0.001909	0.190998	0.176545	0.220505	0.162694	0.188589	0.197622
1.515000	0.200633	0.001909	0.190998	0.176545	0.220505	0.163297	0.188589	0.197019
1.520000	0.201235	0.001909	0.191600	0.175943	0.219903	0.162092	0.188589	0.197019
1.525000	0.200633	0.002511	0.190395	0.175943	0.220505	0.162694	0.188589	0.197019
1.530000	0.200633	0.001909	0.190395	0.175943	0.220505	0.162694	0.188589	0.197019
1.535000	0.200633	0.001909	0.191600	0.176545	0.220505	0.163297	0.189191	0.197622
1.540000	0.200633	0.001909	0.191600	0.176545	0.221107	0.163297	0.188589	0.197019
1.545000	0.200633	0.001909	0.191600	0.176545	0.220505	0.162694	0.188589	0.197019
1.550000	0.200633	0.001909	0.190998	0.176545	0.219903	0.162092	0.187987	0.197019
1.555000	0.200633	0.001909	0.190395	0.175341	0.219903	0.162694	0.188589	0.197019
1.560000	0.200030	0.001909	0.190998	0.175943	0.220505	0.163297	0.188589	0.197019
1.565000	0.200030	0.001909	0.190998	0.176545	0.219903	0.163297	0.187987	0.196417
1.570000	0.201235	0.001909	0.191600	0.176545	0.220505	0.163297	0.188589	0.197019
1.575000	0.201235	0.001909	0.190998	0.177147	0.219903	0.162694	0.188589	0.197019
1.580000	0.201235	0.001909	0.190395	0.175341	0.219903	0.162092	0.187987	0.196417
1.585000	0.200633	0.001909	0.190395	0.175341	0.219903	0.162694	0.187987	0.196417
1.590000	0.200030	0.001909	0.190395	0.175943	0.219301	0.162694	0.188589	0.197019
1.595000	0.200633	0.001909	0.190395	0.176545	0.220505	0.162694	0.188589	0.196417
1.600000	0.201837	0.001909	0.191600	0.176545	0.220505	0.163297	0.188589	0.197019
1.605000	0.201235	0.001909	0.190395	0.175943	0.219903	0.162092	0.187987	0.196417
1.610000	0.201235	0.001909	0.190395	0.175341	0.219903	0.162092	0.187987	0.196417
1.615000	0.200633	0.001909	0.190395	0.175943	0.219903	0.162694	0.188589	0.197019
1.620000	0.200030	0.001909	0.190395	0.175943	0.219301	0.162092	0.187987	0.196417
1.625000	0.200633	0.001909	0.190395	0.175943	0.219903	0.162694	0.188589	0.197019
1.630000	0.200030	0.001909	0.190998	0.175943	0.219903	0.162694	0.188589	0.196417
1.635000	0.200633	0.001909	0.190998	0.176545	0.220505	0.162694	0.187987	0.197019
1.640000	0.200030	0.001909	0.190395	0.175341	0.219301	0.162694	0.187987	0.197019
1.645000	0.200030	0.001909	0.190395	0.175341	0.220505	0.162694	0.187987	0.197019
1.650000	0.200633	0.001909	0.190998	0.175943	0.219903	0.162694	0.188589	0.196417
1.655000	0.200633	0.001909	0.191600	0.176545	0.219903	0.162694	0.187987	0.196417
1.660000	0.200633	0.001909	0.190998	0.175943	0.219903	0.162694	0.188589	0.197019
1.665000	0.200633	0.001909	0.190395	0.175341	0.219903	0.162694	0.187987	0.196417
1.670000	0.200633	0.001909	0.190395	0.175341	0.219903	0.162694	0.188589	0.197019
1.675000	0.200633	0.001909	0.190395	0.175943	0.219903	0.162694	0.188589	0.197019
1.680000	0.200633	0.001909	0.190998	0.175943	0.219903	0.162694	0.188589	0.197019
1.685000	0.200030	0.001909	0.191600	0.175943	0.220505	0.163297	0.188589	0.197019
1.690000	0.200633	0.001909	0.191600	0.175943	0.219903	0.163297	0.188589	0.197019
1.695000	0.201235	0.001909	0.190998	0.175943	0.219903	0.162092	0.188589	0.197019
1.700000	0.200030	0.001909	0.190998	0.175341	0.219903	0.162092	0.187987	0.196417
1.705000	0.200633	0.001909	0.190395	0.175943	0.219903	0.162694	0.187987	0.197019
1.710000	0.200633	0.001909	0.190998	0.176545	0.220505	0.163297	0.188589	0.197019
1.715000	0.200633	0.001909	0.190998	0.176545	0.219903	0.162694	0.188589	0.196417
1.720000	0.200633	0.001909	0.190998	0.175943	0.219903	0.162694	0.187987	0.197019
1.725000	0.200633	0.001909	0.190395	0.175943	0.219903	0.162694	0.187987	0.196417
1.730000	0.200030	0.001909	0.189793	0.175943	0.219903	0.162092	0.187987	0.196417
1.735000	0.200633	0.001909	0.190998	0.176545	0.219903	0.162694	0.187987	0.197019
1.740000	0.200030	0.001909	0.190998	0.175943	0.219903	0.162694	0.187987	0.197019
1.745000	0.200633	0.001909	0.191600	0.176545	0.220505	0.163297	0.188589	0.197019
1.750000	0.201235	0.002511	0.190998	0.176545	0.219903	0.163297	0.188589	0.197019
1.755000	0.200633	0.001909	0.190998	0.175341	0.219903	0.162092	0.187987	0.197019
1.760000	0.200030	0.001909	0.190395	0.175341	0.219301	0.162092	0.187987	0.196417
1.765000	0.200633	0.001909	0.190998	0.175943	0.220505	0.163297	0.188589	0.197019
1.770000	0.200633	0.001909	0.191600	0.175943	0.220505	0.162694	0.188589	0.197622
1.775000	0.200633	0.001909	0.190998	0.177147	0.220505	0.162694	0.188589	0.197019
1.780000	0.201235	0.001909	0.190998	0.176545	0.220505	0.162694	0.188589	0.196417
1.785000	0.200633	0.001909	0.189793	0.175341	0.219301	0.162092	0.188589	0.197019
1.790000	0.200633	0.001909	0.190395	0.175943	0.219903	0.162694	0.188589	0.197019
1.795000	0.200633	0.001909	0.190998	0.175943	0.219903	0.163297	0.187987	0.197019
1.800000	0.200633	0.001909	0.190998	0.176545	0.220505	0.163297	0.188589	0.197019
1.805000	0.200633	0.002511	0.190998	0.176545	0.220505	0.162694	0.188589	0.196417
1.810000	0.201235	0.001909	0.190998	0.175943	0.219903	0.162694	0.187987	0.197019
1.815000	0.200633	0.001909	0.190395	0.175943	0.219903	0.162092	0.187987	0.196417
1.820000	0.200030	0.001909	0.190998	0.175943	0.219301	0.162092	0.188589	0.197019
1.825000	0.200633	0.002511	0.190998	0.176545	0.219903	0.162694	0.188589	0.197019
1.830000	0.200633	0.001909	0.190998	0.176545	0.220505	0.162694	0.188589	0.197019
1.835000	0.200633	0.001909	0.191600	0.175943	0.220505	0.162092	0.188589	0.197019
1.840000	0.200633	0.001909	0.190395	0.175943	0.219903	0.162092	0.187987	0.197019
1.845000	0.200030	0.001909	0.189793	0.175341	0.219301	0.162092	0.187987	0.197019
1.850000	0.200633	0.001909	0.190998	0.175943	0.219903	0.162694	0.188589	0.196417
1.855000	0.200030	0.001909	0.190998	0.175943	0.219903	0.162092	0.188589	0.197019
1.860000	0.200633	0.001909	0.190998	0.176545	0.220505	0.162694	0.188589	0.197019
1.865000	0.201235	0.001909	0.190998	0.176545	0.220505	0.162694	0.187987	0.197019
1.870000	0.200633	0.001909	0.190395	0.175943	0.219903	0.162694	0.187987	0.196417
1.875000	0.200030	0.001909	0.190395	0.175341	0.219301	0.162694	0.187987	0.197019
1.880000	0.200030	0.001909	0.190998	0.175943	0.219903	0.162694	0.187987	0.197019
1.885000	0.200633	0.001909	0.191600	0.176545	0.220505	0.162694	0.187987	0.197019
1.890000	0.201235	0.001909	0.191600	0.176545	0.220505	0.162694	0.187987	0.197019
1.895000	0.200633	0.001909	0.190998	0.175943	0.220505	0.162694	0.188589	0.197019
1.900000	0.200633	0.001909	0.190998	0.175943	0.219903	0.162694	0.188589	0.197019
1.905000	0.200633	0.001909	0.190395	0.176545	0.219301	0.162694	0.188589	0.197019
1.910000	0.200633	0.001909	0.190998	0.175943	0.219903	0.162694	0.187987	0.197019
1.915000	0.200633	0.001909	0.190998	0.176545	0.219903	0.163297	0.188589	0.197019
1.920000	0.201235	0.001909	0.191600	0.176545	0.220505	0.163297	0.187987	0.197019
1.925000	0.201235	0.001909	0.190395	0.175943	0.219903	0.162694	0.187987	0.196417
1.930000	0.200030	0.001909	0.190395	0.175341	0.219301	0.162694	0.187987	0.196417
1.935000	0.200030	0.001909	0.190395	0.175943	0.219903	0.162694	0.188589	0.197019
1.940000	0.201235	0.001909	0.191600	0.176545	0.220505	0.162694	0.189191	0.197019
1.945000	0.200633	0.001909	0.190998	0.176545	0.220505	0.163297	0.189191	0.197622
1.950000	0.201235	0.001909	0.190998	0.175943	0.220505	0.162694	0.188589	0.197019
1.955000	0.200633	0.001909	0.190395	0.175943	0.219301	0.162092	0.188589	0.196417
1.960000	0.200633	0.001909	0.190395	0.175943	0.219903	0.162092	0.187987	0.197019
1.965000	0.200633	0.001909	0.190395	0.175943	0.219903	0.162694	0.188589	0.197019
1.970000	0.200633	0.001909	0.190998	0.175943	0.220505	0.162694	0.187987	0.197019
1.975000	0.200633	0.001909	0.190998	0.176545	0.220505	0.162694	0.188589	0.197019
1.980000	0.200633	0.001909	0.191600	0.175943	0.220505	0.163297	0.189191	0.197622
1.985000	0.200633	0.001909	0.190395	0.175943	0.219903	0.162694	0.188589	0.197622
1.990000	0.200633	0.001909	0.190395	0.175341	0.219903	0.162694	0.188589	0.196417
1.995000	0.200633	0.001909	0.191600	0.175943	0.220505	0.162694	0.188589	0.196417
2.000000	0.247002	0.001909	0.211472	0.189191	0.240980	0.163297	0.187987	0.200030
2.005000	0.201235	0.001909	0.190998	0.176545	0.221709	0.162092	0.187987	0.197019
2.010000	0.201235	0.001909	0.191600	0.176545	0.220505	0.162694	0.189191	0.197622
2.015000	0.201235	0.001909	0.191600	0.176545	0.221107	0.162694	0.188589	0.197622
2.020000	0.200633	0.001909	0.190998	0.176545	0.220505	0.162092	0.188589	0.197019
2.025000	0.200633	0.001909	0.190998	0.175943	0.219903	0.162092	0.188589	0.197019
2.030000	0.200030	0.001909	0.190395	0.175943	0.219301	0.162694	0.187987	0.197019
2.035000	0.201235	0.001909	0.190998	0.175943	0.219903	0.162694	0.188589	0.197622
2.040000	0.201235	0.001909	0.191600	0.177147	0.220505	0.162694	0.188589	0.197622
2.045000	0.201235	0.001909	0.191600	0.176545	0.221107	0.163297	0.188589	0.197019
2.050000	0.200633	0.001909	0.190998	0.176545	0.221107	0.162694	0.188589	0.197019
2.055000	0.238571	2.466083	0.239173	0.177147	0.224720	0.162694	0.188589	0.197019
2.060000	0.202439	2.466083	0.236764	0.176545	0.225323	0.162694	0.188589	0.197622
2.065000	0.202439	2.466083	0.236764	0.176545	0.224720	0.163297	0.187987	0.197019
2.070000	0.160888	0.001909	0.187987	0.175341	0.220505	0.163297	0.188589	0.197019
2.075000	0.200633	0.001909	0.191600	0.176545	0.221107	0.162694	0.188589	0.197622
2.080000	0.200633	0.001909	0.190998	0.175943	0.219903	0.162694	0.188589	0.197019
2.085000	0.200633	0.001909	0.190395	0.175341	0.219903	0.162092	0.187987	0.197019
2.090000	0.200030	0.001909	0.190395	0.175943	0.220505	0.163297	0.189191	0.197019
2.095000	0.200633	0.001909	0.191600	0.175943	0.220505	0.163297	0.188589	0.197019
2.100000	0.201235	0.001909	0.191600	0.176545	0.219903	0.163297	0.188589	0.197019
2.105000	0.201235	0.001909	0.191600	0.176545	0.220505	0.162694	0.188589	0.197019
2.110000	0.201235	0.001909	0.190395	0.175341	0.220505	0.162694	0.188589	0.197019
2.115000	0.200633	0.001909	0.190395	0.175341	0.220505	0.162694	0.188589	0.197019
2.120000	0.200030	0.001909	0.190998	0.175943	0.219903	0.162694	0.187987	0.196417
2.125000	0.200633	0.001909	0.192202	0.175943	0.221107	0.162694	0.188589	0.197622
2.130000	0.200633	0.001909	0.191600	0.176545	0.220505	0.163297	0.188589	0.197019
2.135000	0.200633	0.001909	0.191600	0.176545	0.220505	0.163297	0.188589	0.197019
2.140000	0.239173	2.466083	0.239775	0.177147	0.224118	0.162694	0.187987	0.197019
2.145000	0.201837	2.466083	0.236764	0.175943	0.224720	0.162694	0.188589	0.197019
2.150000	0.201837	2.466083	0.236764	0.177147	0.224720	0.162694	0.187987	0.197019
2.155000	0.202439	2.466083	0.233151	0.175341	0.219903	0.162694	0.188589	0.197019
2.160000	0.171727	0.001909	0.190998	0.175943	0.220505	0.162694	0.188589	0.196417
2.165000	0.200633	0.001909	0.190998	0.176545	0.219903	0.163297	0.187987	0.197019
2.170000	0.200633	0.002511	0.190395	0.175341	0.219903	0.162694	0.187987	0.196417
2.175000	0.200633	0.001909	0.190395	0.175341	0.219903	0.162694	0.188589	0.197622
2.180000	0.201235	0.001909	0.191600	0.175943	0.220505	0.162694	0.188589	0.197019
2.185000	0.200633	0.001909	0.190998	0.176545	0.219903	0.162694	0.187987	0.197019
2.190000	0.200633	0.001909	0.191600	0.176545	0.220505	0.162694	0.188589	0.197622
2.195000	0.200633	0.001909	0.190395	0.175943	0.220505	0.162694	0.187384	0.197019
2.200000	0.200633	0.001909	0.190998	0.175341	0.220505	0.162694	0.188589	0.197019
2.205000	0.200633	0.002511	0.190998	0.175943	0.220505	0.162694	0.188589	0.197019
2.210000	0.200633	0.001909	0.191600	0.176545	0.220505	0.163297	0.189191	0.197622
2.215000	0.201235	0.001909	0.191600	0.176545	0.221107	0.162694	0.189191	0.197622
2.220000	0.201235	0.001909	0.191600	0.176545	0.220505	0.162694	0.188589	0.197019
2.225000	0.200030	0.964816	0.240377	0.177749	0.224720	0.162694	0.187987	0.196417
2.230000	0.236162	2.466083	0.236764	0.176545	0.225323	0.162694	0.189191	0.197019
2.235000	0.202439	2.466083	0.237366	0.176545	0.225925	0.162092	0.188589	0.197019
2.240000	0.201837	2.466083	0.236764	0.176545	0.225323	0.162694	0.188589	0.196417
2.245000	0.162694	0.001909	0.189191	0.175943	0.221107	0.162694	0.188589	0.197019
2.250000	0.200633	0.002511	0.191600	0.176545	0.221107	0.162694	0.189191	0.197622
2.255000	0.200633	0.001909	0.190998	0.175943	0.221107	0.162694	0.188589	0.196417
2.260000	0.200030	0.001909	0.190998	0.175943	0.219903	0.162092	0.187987	0.197019
2.265000	0.200633	0.001909	0.191600	0.175943	0.220505	0.162694	0.188589	0.197019
2.270000	0.201235	0.001909	0.191600	0.176545	0.220505	0.162694	0.188589	0.196417
2.275000	0.201235	0.001909	0.191600	0.176545	0.220505	0.162694	0.188589	0.197019
2.280000	0.201235	0.001909	0.191600	0.175943	0.219903	0.162694	0.188589	0.197019
2.285000	0.200633	0.001909	0.190395	0.175943	0.220505	0.162694	0.188589	0.197019
2.290000	0.200030	0.001909	0.190998	0.175943	0.219903	0.162694	0.187987	0.196417
2.295000	0.200633	0.001909	0.190998	0.176545	0.219903	0.163297	0.187987	0.197019
2.300000	0.200633	0.001909	0.191600	0.175943	0.219903	0.162694	0.188589	0.197019
2.305000	0.200633	0.001909	0.191600	0.176545	0.220505	0.163297	0.188589	0.197019
2.310000	0.201235	0.001909	0.191600	0.175943	0.220505	0.162694	0.187987	0.197019
2.315000	0.237969	2.466083	0.239173	0.177147	0.224720	0.162694	0.187987	0.196417
2.320000	0.201837	2.466083	0.236764	0.175943	0.225323	0.162694	0.187987	0.197019
2.325000	0.201235	2.466083	0.237366	0.176545	0.224118	0.162694	0.187987	0.197019
2.330000	0.160888	0.001909	0.188589	0.175341	0.220505	0.162694	0.188589	0.197019
2.335000	0.199428	0.001909	0.190998	0.175943	0.219903	0.162694	0.187987	0.197019
2.340000	0.200030	0.001909	0.190395	0.175341	0.219903	0.162092	0.187987	0.196417
2.345000	0.200030	0.001909	0.190395	0.174738	0.219301	0.162694	0.187987	0.197019
2.350000	0.200633	0.001909	0.190395	0.175341	0.219903	0.162694	0.187987	0.197019
2.355000	0.200030	0.001909	0.190998	0.175943	0.219301	0.162092	0.187987	0.196417
2.360000	0.200633	0.001909	0.190998	0.176545	0.220505	0.162694	0.187987	0.197019
2.365000	0.200633	0.001909	0.190998	0.175943	0.220505	0.163297	0.188589	0.196417
2.370000	0.200633	0.001909	0.190998	0.175341	0.219903	0.162694	0.187987	0.196417
2.375000	0.200030	0.001909	0.190395	0.175341	0.220505	0.162694	0.187987	0.196417
2.380000	0.200030	0.002511	0.190395	0.175341	0.219903	0.162694	0.187987	0.197019
2.385000	0.200633	0.001909	0.190998	0.175943	0.219903	0.162694	0.188589	0.197019
2.390000	0.201235	0.001909	0.191600	0.176545	0.219903	0.163297	0.188589	0.197019
2.395000	0.200633	0.001909	0.190998	0.175943	0.219903	0.162694	0.187987	0.196417
2.400000	0.239173	2.466083	0.239775	0.176545	0.225323	0.162694	0.188589	0.196417
2.405000	0.202439	2.466083	0.236162	0.176545	0.224720	0.162694	0.187987	0.197019
2.410000	0.201837	2.466083	0.237366	0.176545	0.224720	0.162092	0.187987	0.197019
2.415000	0.201235	2.466083	0.236162	0.174136	0.219903	0.162694	0.187987	0.196417
2.420000	0.169319	0.001909	0.188589	0.176545	0.220505	0.163297	0.187987	0.197019
2.425000	0.200633	0.001909	0.190998	0.175943	0.219903	0.162694	0.187987	0.196417
2.430000	0.200030	0.001909	0.190998	0.175341	0.219903	0.162694	0.187987	0.197019
2.435000	0.200030	0.001909	0.190395	0.175341	0.220505	0.162694	0.187987	0.197019
2.440000	0.200030	0.001909	0.190998	0.176545	0.219903	0.162694	0.188589	0.197019
2.445000	0.200633	0.001909	0.190998	0.176545	0.219903	0.162694	0.188589	0.197019
2.450000	0.200633	0.001909	0.190998	0.175943	0.219301	0.162694	0.188589	0.197019
2.455000	0.201235	0.001909	0.190395	0.175943	0.219301	0.162694	0.188589	0.196417
2.460000	0.200633	0.001909	0.190395	0.175341	0.219903	0.162694	0.187987	0.196417
2.465000	0.200030	0.001909	0.190998	0.175943	0.219301	0.162694	0.187987	0.196417
2.470000	0.200030	0.001909	0.190395	0.175943	0.220505	0.162694	0.187987	0.196417
2.475000	0.200633	0.001909	0.191600	0.175943	0.220505	0.162694	0.188589	0.197019
2.480000	0.200633	0.002511	0.191600	0.176545	0.220505	0.162694	0.188589	0.197019
2.485000	0.200633	0.001909	0.194009	0.177749	0.224720	0.162092	0.187384	0.196417
2.490000	0.236162	2.466083	0.235560	0.175943	0.224720	0.162694	0.188589	0.197019
2.495000	0.201837	2.466083	0.236162	0.175943	0.224720	0.163297	0.189191	0.197622
2.500000	0.202439	2.466083	0.237366	0.176545	0.225323	0.162694	0.187987	0.197622
2.505000	0.162092	0.001909	0.187987	0.175341	0.220505	0.162694	0.188589	0.197019
2.510000	0.200030	0.001909	0.191600	0.176545	0.220505	0.163297	0.188589	0.197019
2.515000	0.200633	0.001909	0.190998	0.175341	0.219903	0.162694	0.187987	0.197019
2.520000	0.200030	0.001909	0.190998	0.175341	0.219903	0.162092	0.187987	0.196417
2.525000	0.200030	0.001909	0.190395	0.175341	0.219903	0.162694	0.187987	0.196417
2.530000	0.200633	0.001909	0.190998	0.176545	0.219903	0.162694	0.187987	0.197019
2.535000	0.200030	0.002511	0.190998	0.175943	0.219903	0.163297	0.188589	0.197019
2.540000	0.200633	0.001909	0.190998	0.175943	0.219903	0.162092	0.187987	0.196417
2.545000	0.200633	0.001909	0.190395	0.175943	0.219903	0.162694	0.188589	0.196417
2.550000	0.200633	0.001909	0.190395	0.175341	0.219903	0.162694	0.187987	0.196417
2.555000	0.200633	0.001909	0.190998	0.175943	0.219903	0.162694	0.187987	0.197019
2.560000	0.200633	0.001909	0.190998	0.176545	0.220505	0.163899	0.188589	0.197019
2.565000	0.200633	0.001909	0.190998	0.175943	0.219903	0.162694	0.188589	0.197019
2.570000	0.201235	0.001909	0.190395	0.175943	0.219301	0.163297	0.188589	0.197019
2.575000	0.237969	2.466083	0.239173	0.176545	0.224118	0.162092	0.187987	0.196417
2.580000	0.201235	2.466083	0.236162	0.176545	0.224720	0.162092	0.188589	0.196417
2.585000	0.201837	2.466083	0.236764	0.176545	0.224720	0.162694	0.188589	0.197019
2.590000	0.201235	0.617953	0.187987	0.175341	0.220505	0.163297	0.188589	0.196417
2.595000	0.180760	0.001909	0.191600	0.176545	0.220505	0.163297	0.188589	0.196417
2.600000	0.200633	0.001909	0.190395	0.175341	0.218698	0.162092	0.187987	0.197019
2.605000	0.200030	0.001909	0.190395	0.175341	0.219903	0.162694	0.187987	0.196417
2.610000	0.200633	0.001909	0.190998	0.175943	0.219903	0.162694	0.188589	0.197019
2.615000	0.200030	0.001909	0.190998	0.176545	0.219903	0.162694	0.187384	0.197019
2.620000	0.200633	0.001909	0.191600	0.176545	0.219903	0.162694	0.188589	0.197019
2.625000	0.201235	0.001909	0.191600	0.175943	0.219903	0.163297	0.187987	0.196417
2.630000	0.200030	0.001909	0.190998	0.175341	0.219301	0.162694	0.187987	0.196417
2.635000	0.200030	0.001909	0.189793	0.175943	0.219301	0.163297	0.187987	0.197019
2.640000	0.200633	0.002511	0.190998	0.176545	0.219903	0.162694	0.188589	0.196417
2.645000	0.200030	0.001909	0.190998	0.175943	0.219903	0.162694	0.188589	0.197019
2.650000	0.200030	0.001909	0.190395	0.176545	0.219903	0.163297	0.188589	0.197019
2.655000	0.201235	0.001909	0.191600	0.176545	0.220505	0.162694	0.188589	0.196417
2.660000	0.239775	2.466083	0.239775	0.177749	0.224720	0.162092	0.187987	0.197019
2.665000	0.203644	2.466083	0.236764	0.177147	0.224720	0.162694	0.187987	0.197019
2.670000	0.201837	2.466083	0.236764	0.176545	0.224720	0.162694	0.187987	0.197019
2.675000	0.201837	2.466083	0.236764	0.176545	0.225323	0.163297	0.188589	0.197019
2.680000	0.164501	0.001909	0.188589	0.175943	0.219903	0.163297	0.189191	0.196417
2.685000	0.200030	0.001909	0.190998	0.176545	0.219903	0.162694	0.188589	0.196417
2.690000	0.200030	0.001909	0.190395	0.175341	0.219903	0.162694	0.187987	0.197019
2.695000	0.200030	0.001909	0.190395	0.175341	0.219903	0.162694	0.188589	0.197019
2.700000	0.200633	0.001909	0.190998	0.175943	0.219301	0.162092	0.187987	0.197019
2.705000	0.200633	0.001909	0.190395	0.175943	0.220505	0.162092	0.188589	0.197019
2.710000	0.200633	0.001909	0.190998	0.175943	0.220505	0.163297	0.187987	0.197019
2.715000	0.200633	0.001909	0.190998	0.175943	0.219903	0.162694	0.187987	0.196417
2.720000	0.200633	0.001909	0.190395	0.175341	0.219903	0.162694	0.188589	0.196417
2.725000	0.200030	0.001909	0.190998	0.175943	0.219903	0.162694	0.187987	0.196417
2.730000	0.200030	0.001909	0.190998	0.175943	0.219903	0.163297	0.188589	0.197019
2.735000	0.201235	0.001909	0.191600	0.175943	0.220505	0.162694	0.188589	0.197019
2.740000	0.200633	0.001909	0.190998	0.175943	0.219903	0.162694	0.187987	0.197019
2.745000	0.200633	0.001909	0.190395	0.177749	0.224720	0.162694	0.187987	0.197019
2.750000	0.237969	2.466083	0.239173	0.175943	0.224720	0.162694	0.187987	0.197019
2.755000	0.201235	2.466083	0.236162	0.177147	0.224720	0.162092	0.187987	0.197019
2.760000	0.201837	2.466083	0.236764	0.176545	0.224720	0.162694	0.188589	0.197019
2.765000	0.160888	0.001909	0.187987	0.175341	0.220505	0.162694	0.187987	0.197019
2.770000	0.200030	0.001909	0.191600	0.175943	0.219903	0.163297	0.187987	0.196417
2.775000	0.200030	0.001909	0.190395	0.175341	0.219301	0.162694	0.187987	0.196417
2.780000	0.200633	0.001909	0.190395	0.175943	0.219301	0.162694	0.187987	0.196417
2.785000	0.200030	0.001909	0.190998	0.175943	0.219903	0.162694	0.187987	0.197019
2.790000	0.200633	0.001909	0.191600	0.176545	0.220505	0.162694	0.188589	0.197019
2.795000	0.200030	0.001909	0.190998	0.175943	0.219903	0.162694	0.188589	0.197019
2.800000	0.201235	0.001909	0.190998	0.175943	0.219903	0.162694	0.188589	0.197019
2.805000	0.200633	0.001909	0.190998	0.175943	0.220505	0.162694	0.188589	0.197019
2.810000	0.200030	0.001909	0.190395	0.175341	0.219903	0.162694	0.188589	0.197019
2.815000	0.200633	0.001909	0.190998	0.175943	0.220505	0.162694	0.188589	0.197019
2.820000	0.200633	0.001909	0.191600	0.175943	0.219903	0.162694	0.187987	0.196417
2.825000	0.201235	0.001909	0.191600	0.176545	0.221107	0.163297	0.188589	0.197019
2.830000	0.201235	0.001909	0.191600	0.176545	0.219903	0.162092	0.188589	0.197019
2.835000	0.238571	2.466083	0.239173	0.176545	0.225323	0.162694	0.187987	0.197019
2.840000	0.202439	2.466083	0.236764	0.176545	0.225323	0.162694	0.188589	0.197019
2.845000	0.202439	2.466083	0.236764	0.177147	0.225323	0.162694	0.188589	0.197019
2.850000	0.202439	2.466083	0.233753	0.175341	0.220505	0.162694	0.188589	0.197622
2.855000	0.174738	0.002511	0.192202	0.176545	0.220505	0.163297	0.188589	0.197622
2.860000	0.200633	0.002511	0.190998	0.175943	0.219903	0.162694	0.188589	0.197019
2.865000	0.200633	0.001909	0.190395	0.175341	0.219903	0.162694	0.188589	0.197019
2.870000	0.200030	0.001909	0.190998	0.175943	0.219903	0.162694	0.188589	0.196417
2.875000	0.200030	0.001909	0.190998	0.176545	0.219903	0.162694	0.187987	0.197019
2.880000	0.200633	0.001909	0.191600	0.176545	0.219903	0.162694	0.189191	0.197019
2.885000	0.201235	0.002511	0.190998	0.176545	0.221107	0.163297	0.188589	0.197019
2.890000	0.200633	0.001909	0.191600	0.175943	0.220505	0.162694	0.188589	0.196417
2.895000	0.200633	0.001909	0.190395	0.175341	0.219903	0.162694	0.187987	0.196417
2.900000	0.200633	0.001909	0.191600	0.175943	0.220505	0.162694	0.188589	0.197622
2.905000	0.200633	0.001909	0.191600	0.177147	0.220505	0.162694	0.187987	0.197019
2.910000	0.201235	0.001909	0.191600	0.176545	0.220505	0.163297	0.188589	0.197622
2.915000	0.200633	0.001909	0.190998	0.176545	0.220505	0.162092	0.188589	0.197019
2.920000	0.226527	2.466083	0.239775	0.177147	0.225323	0.162092	0.187987	0.197019
2.925000	0.213279	2.466083	0.236162	0.176545	0.224720	0.162694	0.187987	0.197019
2.930000	0.201837	2.466083	0.236764	0.176545	0.224720	0.162694	0.187987	0.196417
2.935000	0.201235	2.466083	0.236764	0.175943	0.224720	0.162694	0.187987	0.197019
2.940000	0.163297	0.001909	0.188589	0.175341	0.220505	0.163297	0.188589	0.197019
2.945000	0.200030	0.001909	0.190998	0.175943	0.219903	0.162694	0.187987	0.197019
2.950000	0.200030	0.001909	0.190998	0.175341	0.219903	0.162092	0.187384	0.196417
2.955000	0.200030	0.001909	0.190395	0.175943	0.219903	0.162694	0.188589	0.196417
2.960000	0.200030	0.001909	0.190998	0.175943	0.219903	0.162694	0.188589	0.197019
2.965000	0.200030	0.001909	0.190998	0.176545	0.220505	0.162694	0.188589	0.197019
2.970000	0.200633	0.001909	0.191600	0.175943	0.219903	0.163297	0.187987	0.196417
2.975000	0.200633	0.001909	0.190998	0.175943	0.219903	0.162092	0.187987	0.196417
2.980000	0.200030	0.001909	0.190395	0.175341	0.219301	0.162694	0.187987	0.196417
2.985000	0.200633	0.001909	0.190395	0.175943	0.219301	0.162694	0.187987	0.197019
2.990000	0.201235	0.001909	0.190998	0.175943	0.219903	0.162694	0.188589	0.197019
2.995000	0.200633	0.001909	0.191600	0.175943	0.219903	0.163297	0.188589	0.197019
3.000000	0.246399	0.001909	0.212677	0.189793	0.240980	0.163297	0.188589	0.200030
3.005000	0.201837	0.001909	0.190998	0.177147	0.221107	0.163297	0.188589	0.197622
3.010000	0.200633	0.001909	0.190998	0.175943	0.220505	0.163297	0.188589	0.197019
3.015000	0.200633	0.001909	0.190395	0.175943	0.220505	0.162092	0.187987	0.197019
3.020000	0.200633	0.001909	0.190395	0.175341	0.219903	0.162694	0.188589	0.197019
3.025000	0.201235	0.001909	0.190998	0.176545	0.219903	0.162092	0.188589	0.197019
3.030000	0.201235	0.001909	0.190998	0.176545	0.220505	0.162694	0.188589	0.197019
3.035000	0.200633	0.001909	0.190998	0.177147	0.220505	0.163297	0.188589	0.197622
3.040000	0.201235	0.001909	0.191600	0.175943	0.219903	0.162694	0.188589	0.197019
3.045000	0.200633	0.001909	0.190998	0.177147	0.225323	0.163297	0.188589	0.197019
3.050000	0.237366	2.466083	0.239775	0.175943	0.224720	0.162694	0.188589	0.197019
3.055000	0.202439	2.466083	0.236764	0.177147	0.225323	0.162694	0.188589	0.196417
3.060000	0.202439	2.466083	0.237366	0.177147	0.225323	0.162694	0.188589	0.197019
3.065000	0.161490	0.001909	0.187987	0.175341	0.219903	0.162694	0.188589	0.197019
3.070000	0.200030	0.001909	0.190395	0.175341	0.220505	0.162694	0.188589	0.197019
3.075000	0.200633	0.001909	0.190395	0.175943	0.219903	0.162694	0.188589	0.196417
3.080000	0.200030	0.001909	0.190395	0.175943	0.219903	0.162694	0.187987	0.196417
3.085000	0.200633	0.001909	0.191600	0.175943	0.219903	0.162694	0.188589	0.197019
3.090000	0.200030	0.001909	0.190998	0.175943	0.219903	0.163297	0.188589	0.197622
3.095000	0.201235	0.001909	0.191600	0.176545	0.220505	0.162694	0.188589	0.197019
3.100000	0.201235	0.001909	0.190998	0.175943	0.219903	0.162092	0.187987	0.197019
3.105000	0.199428	0.001909	0.190998	0.175341	0.219903	0.162694	0.187987	0.196417
3.110000	0.201837	0.001909	0.190998	0.175943	0.219903	0.162694	0.187987	0.197019
3.115000	0.200633	0.001909	0.190998	0.176545	0.220505	0.162694	0.188589	0.197019
3.120000	0.201235	0.002511	0.191600	0.176545	0.219903	0.162694	0.187987	0.197019
3.125000	0.201235	0.001909	0.190998	0.175943	0.219903	0.162694	0.188589	0.197019
3.130000	0.200030	0.001909	0.190395	0.175341	0.219903	0.162694	0.187384	0.196417
3.135000	0.239775	2.466083	0.239775	0.177147	0.224720	0.162694	0.188589	0.196417
3.140000	0.202439	2.466083	0.236764	0.176545	0.224720	0.162694	0.187987	0.197019
3.145000	0.201837	2.466083	0.236764	0.176545	0.224720	0.162694	0.188589	0.196417
3.150000	0.201837	2.466083	0.234355	0.174738	0.220505	0.163297	0.187987	0.197019
3.155000	0.170523	0.001909	0.190395	0.176545	0.220505	0.162694	0.188589	0.196417
3.160000	0.200633	0.001909	0.190395	0.175341	0.219903	0.162694	0.187987	0.196417
3.165000	0.200030	0.001909	0.190998	0.175943	0.219903	0.162092	0.188589	0.197019
3.170000	0.200633	0.001909	0.190998	0.176545	0.221107	0.163297	0.188589	0.197019
3.175000	0.200633	0.001909	0.191600	0.175943	0.221107	0.163297	0.188589	0.197019
3.180000	0.200633	0.001909	0.191600	0.175943	0.219903	0.162694	0.188589	0.197019
3.185000	0.200633	0.001909	0.190395	0.175943	0.219903	0.162694	0.188589	0.196417
3.190000	0.200633	0.001909	0.190395	0.175943	0.219301	0.162092	0.187987	0.196417
3.195000	0.200030	0.001909	0.190395	0.175341	0.219301	0.162694	0.187987	0.197019
3.200000	0.200633	0.001909	0.190395	0.175943	0.219903	0.162092	0.188589	0.196417
3.205000	0.200030	0.001909	0.192202	0.176545	0.219903	0.162694	0.187987	0.197019
3.210000	0.200633	0.001909	0.191600	0.176545	0.219903	0.162694	0.188589	0.197019
3.215000	0.200633	0.001909	0.190395	0.175943	0.219903	0.162092	0.188589	0.197019
3.220000	0.200633	0.194611	0.240377	0.177147	0.225323	0.162694	0.187987	0.196417
3.225000	0.235560	2.466083	0.236162	0.175943	0.224118	0.162694	0.187987	0.197019
3.230000	0.201837	2.466083	0.237366	0.176545	0.225323	0.162694	0.188589	0.197019
3.235000	0.202439	2.466083	0.237366	0.176545	0.224720	0.162694	0.188589	0.197019
3.240000	0.163297	0.001909	0.187987	0.175341	0.219903	0.162694	0.187987	0.197019
3.245000	0.199428	0.001909	0.190395	0.175341	0.219301	0.162092	0.188589	0.196417
3.250000	0.200030	0.001909	0.190395	0.175341	0.219903	0.162694	0.187987	0.197019
3.255000	0.200633	0.001909	0.190998	0.175943	0.219903	0.162694	0.188589	0.196417
3.260000	0.200030	0.001909	0.191600	0.175943	0.219301	0.162694	0.187987	0.197019
3.265000	0.200633	0.001909	0.191600	0.175943	0.220505	0.162694	0.188589	0.196417
3.270000	0.201235	0.001909	0.190998	0.175943	0.219903	0.162694	0.187987	0.197019
3.275000	0.200030	0.001909	0.190998	0.175341	0.219301	0.162092	0.188589	0.196417
3.280000	0.200633	0.001909	0.190395	0.175943	0.219903	0.162092	0.188589	0.197019
3.285000	0.200633	0.001909	0.190998	0.175943	0.219903	0.162694	0.187987	0.196417
3.290000	0.201235	0.001909	0.191600	0.176545	0.220505	0.163297	0.188589	0.197622
3.295000	0.201235	0.001909	0.191600	0.176545	0.221107	0.162694	0.188589	0.197019
3.300000	0.200633	0.001909	0.190395	0.175943	0.219903	0.162092	0.188589	0.196417
3.305000	0.200633	0.001909	0.190998	0.175341	0.220505	0.162092	0.188589	0.197019
3.310000	0.237366	2.466083	0.239775	0.177147	0.225323	0.162694	0.188589	0.197019
3.315000	0.202439	2.466083	0.236764	0.176545	0.224720	0.162092	0.187987	0.196417
3.320000	0.201235	2.466083	0.236764	0.177749	0.224720	0.163297	0.187987	0.197019
3.325000	0.171125	0.001909	0.188589	0.175341	0.220505	0.162694	0.187987	0.196417
3.330000	0.195815	0.001909	0.189793	0.175943	0.219301	0.162694	0.188589	0.196417
3.335000	0.200030	0.001909	0.190395	0.175943	0.219903	0.162694	0.187987	0.196417
3.340000	0.200633	0.001909	0.190998	0.175943	0.219903	0.162694	0.187987	0.197019
3.345000	0.200633	0.001909	0.190998	0.176545	0.220505	0.162694	0.188589	0.197622
3.350000	0.200633	0.001909	0.191600	0.176545	0.220505	0.163297	0.188589	0.197019
3.355000	0.200030	0.001909	0.190395	0.176545	0.219301	0.162694	0.187987	0.197019
3.360000	0.200633	0.001909	0.190395	0.175943	0.219903	0.162694	0.187987	0.196417
3.365000	0.200633	0.001909	0.190395	0.175341	0.219903	0.162092	0.187384	0.196417
3.370000	0.200030	0.001909	0.190395	0.175341	0.219903	0.162694	0.188589	0.196417
3.375000	0.200030	0.001909	0.190998	0.175943	0.219903	0.162694	0.187987	0.196417
3.380000	0.200633	0.001909	0.190998	0.176545	0.220505	0.162694	0.188589	0.197019
3.385000	0.200633	0.001909	0.190998	0.175943	0.220505	0.163297	0.188589	0.197019
3.390000	0.200030	0.001909	0.190998	0.175943	0.219903	0.162694	0.187987	0.196417
3.395000	0.240377	2.466083	0.239775	0.177147	0.224720	0.162694	0.188589	0.197019
3.400000	0.203041	2.466083	0.236764	0.176545	0.225323	0.163297	0.188589	0.197019
3.405000	0.202439	2.466083	0.237366	0.177147	0.225323	0.163297	0.189191	0.197622
3.410000	0.201837	2.466083	0.237366	0.174738	0.220505	0.163297	0.188589	0.197019
3.415000	0.166308	0.001909	0.188589	0.176545	0.219903	0.162694	0.188589	0.196417
3.420000	0.200030	0.001909	0.190395	0.175341	0.219903	0.162694	0.188589	0.196417
3.425000	0.200030	0.001909	0.190395	0.175943	0.219903	0.162092	0.187987	0.197019
3.430000	0.200030	0.001909	0.190998	0.175341	0.219903	0.162694	0.187987	0.196417
3.435000	0.200030	0.001909	0.190998	0.176545	0.219903	0.163297	0.188589	0.197019
3.440000	0.200030	0.001909	0.190998	0.176545	0.220505	0.162694	0.188589	0.197019
3.445000	0.201235	0.001909	0.190395	0.175341	0.219903	0.162694	0.187384	0.197019
3.450000	0.200030	0.001909	0.190395	0.175341	0.219903	0.162092	0.187987	0.196417
3.455000	0.200030	0.001909	0.190395	0.175943	0.219903	0.162694	0.187987	0.197019
3.460000	0.200030	0.001909	0.190998	0.175943	0.219301	0.162694	0.187987	0.197019
3.465000	0.200633	0.001909	0.190998	0.176545	0.220505	0.162694	0.188589	0.196417
3.470000	0.200633	0.001909	0.191600	0.176545	0.219903	0.162694	0.188589	0.197019
3.475000	0.200633	0.001909	0.190998	0.175943	0.220505	0.162092	0.188589	0.197019
3.480000	0.200633	0.001909	0.192202	0.177147	0.224118	0.162092	0.188589	0.197019
3.485000	0.236764	2.466083	0.236764	0.176545	0.225323	0.162694	0.188589	0.196417
3.490000	0.201837	2.466083	0.236764	0.176545	0.224118	0.162694	0.188589	0.197019
3.495000	0.201837	2.466083	0.237366	0.177147	0.224720	0.162694	0.188589	0.197019
3.500000	0.161490	0.001909	0.187987	0.175341	0.219903	0.162694	0.188589	0.196417
3.505000	0.200030	0.001909	0.190998	0.175341	0.219301	0.162092	0.187987	0.197019
3.510000	0.200030	0.001909	0.190395	0.175341	0.219903	0.162694	0.187987	0.197019
3.515000	0.200030	0.001909	0.190998	0.175341	0.219903	0.162694	0.187987	0.196417
3.520000	0.200030	0.001909	0.191600	0.176545	0.220505	0.163297	0.188589	0.197019
3.525000	0.200633	0.001909	0.191600	0.176545	0.220505	0.163297	0.188589	0.196417
3.530000	0.200633	0.001909	0.190998	0.176545	0.220505	0.162694	0.188589	0.197019
3.535000	0.201235	0.001909	0.190998	0.175341	0.220505	0.162694	0.187987	0.197019
3.540000	0.200633	0.001909	0.190998	0.175943	0.219903	0.162694	0.188589	0.197019
3.545000	0.200633	0.001909	0.190998	0.175943	0.221107	0.162694	0.188589	0.197019
3.550000	0.200633	0.001909	0.191600	0.176545	0.220505	0.162694	0.188589	0.197622
3.555000	0.201235	0.002511	0.191600	0.177147	0.220505	0.163297	0.188589	0.197019
3.560000	0.201235	0.001909	0.191600	0.175943	0.219903	0.163297	0.187987	0.197019
3.565000	0.201235	0.001909	0.190998	0.175341	0.219903	0.162694	0.188589	0.197019
3.570000	0.239173	2.466083	0.239775	0.176545	0.225323	0.162694	0.188589	0.197019
3.575000	0.202439	2.466083	0.236764	0.177147	0.225925	0.162694	0.189191	0.197622
3.580000	0.202439	2.466083	0.237366	0.177147	0.225925	0.162694	0.189191	0.197622
3.585000	0.201837	0.579412	0.187987	0.175341	0.219903	0.162694	0.188589	0.197019
3.590000	0.180760	0.001909	0.190998	0.175943	0.219903	0.162694	0.188589	0.196417
3.595000	0.200633	0.001909	0.190395	0.175341	0.219903	0.162092	0.187987	0.197019
3.600000	0.200633	0.001909	0.190998	0.175943	0.220505	0.162694	0.187987	0.197019
3.605000	0.200030	0.001909	0.191600	0.176545	0.219903	0.162092	0.188589	0.196417
3.610000	0.201235	0.001909	0.191600	0.176545	0.219903	0.163297	0.188589	0.197019
3.615000	0.200633	0.001909	0.190998	0.175943	0.221107	0.162694	0.188589	0.197019
3.620000	0.200030	0.001909	0.190998	0.175341	0.219301	0.162694	0.188589	0.196417
3.625000	0.200030	0.001909	0.190998	0.175341	0.219301	0.162092	0.187987	0.197019
3.630000	0.200633	0.001909	0.190998	0.175943	0.219903	0.162092	0.188589	0.197019
3.635000	0.200030	0.001909	0.190998	0.176545	0.219903	0.162694	0.187987	0.196417
3.640000	0.200633	0.001909	0.190998	0.176545	0.220505	0.163297	0.188589	0.197019
3.645000	0.201235	0.001909	0.190998	0.175943	0.219903	0.162694	0.187987	0.196417
3.650000	0.200030	0.001909	0.190395	0.175341	0.219903	0.162092	0.187987	0.197019
3.655000	0.241582	2.466083	0.239775	0.177147	0.225323	0.162694	0.188589	0.196417
3.660000	0.202439	2.466083	0.236764	0.176545	0.224720	0.162694	0.187987	0.196417
3.665000	0.201837	2.466083	0.236764	0.176545	0.224720	0.163297	0.188589	0.197019
3.670000	0.201235	2.466083	0.236162	0.176545	0.225323	0.163297	0.188589	0.197019
3.675000	0.165103	0.001909	0.187987	0.175341	0.219903	0.162092	0.188589	0.197019
3.680000	0.200030	0.001909	0.190395	0.175943	0.219301	0.162694	0.187384	0.196417
3.685000	0.200030	0.001909	0.190395	0.175341	0.219903	0.162694	0.187987	0.197019
3.690000	0.200633	0.001909	0.190998	0.176545	0.219903	0.162694	0.188589	0.197019
3.695000	0.200633	0.001909	0.190998	0.175943	0.219301	0.163297	0.187987	0.197019
3.700000	0.201235	0.001909	0.191600	0.176545	0.220505	0.162694	0.188589	0.197019
3.705000	0.200030	0.001909	0.190998	0.175943	0.219903	0.162694	0.187987	0.196417
3.710000	0.200633	0.001909	0.190395	0.175341	0.219903	0.162694	0.187987	0.197019
3.715000	0.200030	0.001909	0.190395	0.175943	0.219301	0.162694	0.187987	0.196417
3.720000	0.200633	0.001909	0.190998	0.175943	0.219301	0.163297	0.187987	0.196417
3.725000	0.200633	0.001909	0.191600	0.176545	0.219903	0.162694	0.188589	0.196417
3.730000	0.201235	0.001909	0.191600	0.175943	0.220505	0.162694	0.188589	0.197019
3.735000	0.200633	0.002511	0.190395	0.175943	0.219301	0.162092	0.188589	0.196417
3.740000	0.200633	0.001909	0.190395	0.177147	0.224720	0.162694	0.188589	0.196417
3.745000	0.237366	2.466083	0.239173	0.175943	0.225323	0.162694	0.187987	0.197019
3.750000	0.201837	2.466083	0.237366	0.176545	0.225323	0.162694	0.188589	0.197019
3.755000	0.201837	2.466083	0.237366	0.177749	0.224720	0.162694	0.187987	0.197019
3.760000	0.160888	0.001909	0.187987	0.174738	0.219903	0.162694	0.189191	0.197019
3.765000	0.199428	0.001909	0.190998	0.175341	0.219301	0.162694	0.187987	0.196417
3.770000	0.200030	0.001909	0.190395	0.175341	0.219903	0.162694	0.188589	0.197019
3.775000	0.200030	0.001909	0.190395	0.176545	0.220505	0.162694	0.187987	0.196417
3.780000	0.200633	0.001909	0.191600	0.176545	0.219903	0.162694	0.188589	0.197622
3.785000	0.200633	0.001909	0.191600	0.176545	0.219301	0.162694	0.188589	0.197019
3.790000	0.200633	0.001909	0.190998	0.176545	0.220505	0.162092	0.187987	0.197019
3.795000	0.200633	0.001909	0.190998	0.175943	0.219903	0.162694	0.187987	0.197019
3.800000	0.200030	0.001909	0.189793	0.175943	0.218698	0.162694	0.187987	0.197019
3.805000	0.200030	0.001909	0.190998	0.175943	0.219903	0.162694	0.188589	0.197019
3.810000	0.200633	0.001909	0.191600	0.176545	0.220505	0.163297	0.188589	0.197019
3.815000	0.200633	0.001909	0.190998	0.175943	0.219903	0.163297	0.188589	0.197019
3.820000	0.200633	0.001909	0.190998	0.175943	0.219903	0.162092	0.188589	0.197019
3.825000	0.200633	0.001909	0.190395	0.175341	0.219903	0.162694	0.188589	0.197019
3.830000	0.239173	2.466083	0.239173	0.177147	0.224118	0.162694	0.187987	0.196417
3.835000	0.202439	2.466083	0.236764	0.176545	0.224720	0.162694	0.187987	0.197019
3.840000	0.201837	2.466083	0.236764	0.177147	0.224720	0.162092	0.188589	0.197019
3.845000	0.201837	2.466083	0.233151	0.175341	0.220505	0.162694	0.187987	0.197019
3.850000	0.174738	0.001909	0.190395	0.175943	0.219903	0.162694	0.187987	0.197019
3.855000	0.200030	0.001909	0.190998	0.175341	0.219903	0.162694	0.187987	0.196417
3.860000	0.200030	0.002511	0.190998	0.175943	0.219903	0.162694	0.188589	0.197019
3.865000	0.200633	0.001909	0.190998	0.176545	0.220505	0.162694	0.188589	0.197019
3.870000	0.200633	0.001909	0.190998	0.176545	0.219903	0.162694	0.188589	0.197019
3.875000	0.201235	0.001909	0.190395	0.175943	0.220505	0.162694	0.188589	0.197019
3.880000	0.200633	0.001909	0.190395	0.175341	0.219903	0.162694	0.187987	0.197019
3.885000	0.199428	0.001909	0.190395	0.175341	0.219301	0.162092	0.187987	0.196417
3.890000	0.200030	0.001909	0.190395	0.175943	0.219903	0.162694	0.188589	0.197019
3.895000	0.200633	0.001909	0.190998	0.175943	0.219903	0.162694	0.188589	0.197019
3.900000	0.200633	0.001909	0.191600	0.176545	0.220505	0.162694	0.188589	0.197019
3.905000	0.200633	0.001909	0.191600	0.175943	0.219903	0.162694	0.187987	0.196417
3.910000	0.200633	0.001909	0.190395	0.175341	0.219301	0.162092	0.187987	0.197019
3.915000	0.200030	1.772959	0.239775	0.177147	0.224118	0.162694	0.188589	0.197019
3.920000	0.235560	2.466083	0.236162	0.176545	0.224720	0.162694	0.188589	0.197019
3.925000	0.202439	2.466083	0.237366	0.176545	0.225323	0.162694	0.187987	0.197019
3.930000	0.202439	2.466083	0.237366	0.176545	0.225323	0.162694	0.187987	0.197019
3.935000	0.163297	0.001909	0.187987	0.175341	0.220505	0.163297	0.188589	0.196417
3.940000	0.199428	0.001909	0.190395	0.175943	0.219903	0.162092	0.188589	0.197019
3.945000	0.200030	0.001909	0.190395	0.175341	0.219301	0.162694	0.187987	0.197019
3.950000	0.200633	0.001909	0.190998	0.175943	0.220505	0.162694	0.187987	0.197019
3.955000	0.200633	0.001909	0.190998	0.175943	0.219903	0.162694	0.187987	0.197019
3.960000	0.200633	0.001909	0.190998	0.176545	0.220505	0.163297	0.188589	0.197019
3.965000	0.200633	0.001909	0.190395	0.175943	0.220505	0.162092	0.188589	0.196417
3.970000	0.200633	0.001909	0.190395	0.175341	0.220505	0.162694	0.187987	0.196417
3.975000	0.200030	0.001909	0.190395	0.175943	0.219301	0.162694	0.188589	0.197019
3.980000	0.200633	0.001909	0.191600	0.176545	0.219903	0.162694	0.188589	0.197019
3.985000	0.201235	0.001909	0.190998	0.176545	0.219903	0.162694	0.188589	0.197019
3.990000	0.200633	0.001909	0.190998	0.175943	0.219903	0.162694	0.188589	0.197019
3.995000	0.200633	0.001909	0.190395	0.175341	0.219301	0.162694	0.188589	0.197019
4.000000	0.247604	0.001909	0.213881	0.190998	0.243991	0.163899	0.189191	0.201837
4.005000	0.201235	0.001909	0.190998	0.176545	0.221107	0.162694	0.188589	0.197622
4.010000	0.201837	0.001909	0.190998	0.175943	0.220505	0.162092	0.188589	0.197019
4.015000	0.201235	0.001909	0.190998	0.175943	0.220505	0.162694	0.187987	0.196417
4.020000	0.200633	0.001909	0.190998	0.175943	0.220505	0.162694	0.188589	0.197622
4.025000	0.201235	0.001909	0.191600	0.176545	0.220505	0.162694	0.188589	0.197019
4.030000	0.201235	0.001909	0.191600	0.177147	0.221107	0.163297	0.188589	0.197019
4.035000	0.201235	0.001909	0.190998	0.175943	0.219903	0.162092	0.188589	0.197019
4.040000	0.200633	0.001909	0.190395	0.175341	0.219903	0.162694	0.187987	0.196417
4.045000	0.200633	0.001909	0.190395	0.175341	0.219301	0.162092	0.188589	0.197019
4.050000	0.241582	2.466083	0.240377	0.177749	0.225323	0.162694	0.188589	0.197019
4.055000	0.202439	2.466083	0.236764	0.177147	0.224720	0.162694	0.187987	0.197019
4.060000	0.202439	2.466083	0.236764	0.176545	0.225323	0.163297	0.188589	0.197019
4.065000	0.201837	2.466083	0.236764	0.176545	0.224720	0.162694	0.187987	0.197019
4.070000	0.163899	0.001909	0.187987	0.174738	0.219903	0.162694	0.188589	0.197019
4.075000	0.199428	0.001909	0.190395	0.175341	0.219903	0.162092	0.187987	0.197019
4.080000	0.200633	0.001909	0.190998	0.175943	0.220505	0.162694	0.188589	0.197622
4.085000	0.200633	0.001909	0.191600	0.175943	0.220505	0.162694	0.188589	0.197019
4.090000	0.200633	0.001909	0.191600	0.175943	0.219903	0.162694	0.187987	0.197019
4.095000	0.200633	0.001909	0.191600	0.175943	0.220505	0.162694	0.188589	0.196417
4.100000	0.200030	0.001909	0.190998	0.175341	0.219903	0.162694	0.188589	0.197019
4.105000	0.200030	0.001909	0.190395	0.175341	0.220505	0.162694	0.187384	0.197019
4.110000	0.200633	0.002511	0.190998	0.175943	0.219301	0.162694	0.188589	0.197019
4.115000	0.200633	0.001909	0.190998	0.176545	0.220505	0.162694	0.188589	0.196417
4.120000	0.201235	0.001909	0.190998	0.176545	0.220505	0.162694	0.188589	0.197019
4.125000	0.201235	0.001909	0.190998	0.175943	0.220505	0.162694	0.187987	0.197019
4.130000	0.200633	0.001909	0.190395	0.175341	0.219903	0.162694	0.188589	0.197019
4.135000	0.200030	0.001909	0.190998	0.177749	0.224720	0.162694	0.188589	0.197019
4.140000	0.237969	2.466083	0.239775	0.176545	0.224720	0.163297	0.188589	0.197019
4.145000	0.203041	2.466083	0.237366	0.177147	0.225323	0.163297	0.188589	0.197019
4.150000	0.201837	2.466083	0.236764	0.177147	0.224720	0.162694	0.188589	0.196417
4.155000	0.160888	0.001909	0.186782	0.174738	0.219301	0.163297	0.187384	0.196417
4.160000	0.199428	0.001909	0.190395	0.175943	0.219903	0.162092	0.187987	0.196417
4.165000	0.200633	0.001909	0.190395	0.175943	0.220505	0.163297	0.188589	0.196417
4.170000	0.200030	0.001909	0.190998	0.175943	0.219903	0.162092	0.188589	0.197019
4.175000	0.200633	0.001909	0.190998	0.175943	0.219903	0.162694	0.187987	0.197622
4.180000	0.200633	0.001909	0.190998	0.176545	0.220505	0.162694	0.188589	0.197019
4.185000	0.200633	0.001909	0.190395	0.175943	0.220505	0.162694	0.187987	0.197019
4.190000	0.200633	0.001909	0.190395	0.175943	0.219903	0.162092	0.187987	0.197019
4.195000	0.200030	0.001909	0.190395	0.175341	0.219903	0.162694	0.188589	0.197019
4.200000	0.200633	0.001909	0.190998	0.176545	0.219903	0.163297	0.188589	0.197019
4.205000	0.200633	0.002511	0.190998	0.176545	0.219903	0.163297	0.188589	0.197019
4.210000	0.200633	0.001909	0.190998	0.175943	0.219903	0.162694	0.187987	0.197019
4.215000	0.200030	0.001909	0.190395	0.175341	0.219903	0.162694	0.188589	0.197019
4.220000	0.200030	0.001909	0.190395	0.175943	0.219301	0.163297	0.187987	0.197019
4.225000	0.238571	2.466083	0.239775	0.177147	0.225323	0.162092	0.187987	0.197019
4.230000	0.202439	2.466083	0.236764	0.176545	0.225323	0.163297	0.189191	0.197019
4.235000	0.201837	2.466083	0.237366	0.176545	0.225323	0.163297	0.188589	0.197019
4.240000	0.201837	2.466083	0.233151	0.174738	0.219903	0.162092	0.187987	0.197019
4.245000	0.172330	0.001909	0.189793	0.175943	0.219301	0.162694	0.187987	0.196417
4.250000	0.200030	0.001909	0.190395	0.175341	0.220505	0.162092	0.187987	0.196417
4.255000	0.200030	0.001909	0.190998	0.175341	0.219301	0.162694	0.187987	0.196417
4.260000	0.200030	0.001909	0.191600	0.176545	0.219903	0.162694	0.188589	0.197019
4.265000	0.200633	0.001909	0.191600	0.175943	0.220505	0.162694	0.187987	0.196417
4.270000	0.200633	0.001909	0.190998	0.175943	0.219903	0.162694	0.187987	0.197019
4.275000	0.200633	0.001909	0.190395	0.175341	0.219301	0.162694	0.187987	0.197019
4.280000	0.200030	0.001909	0.190998	0.176545	0.219903	0.162092	0.188589	0.197019
4.285000	0.200030	0.001909	0.190998	0.175943	0.219301	0.162694	0.188589	0.197019
4.290000	0.200030	0.001909	0.191600	0.176545	0.219903	0.163297	0.188589	0.197019
4.295000	0.200633	0.001909	0.191600	0.176545	0.220505	0.162694	0.188589	0.197622
4.300000	0.200633	0.001909	0.190395	0.175341	0.219301	0.162694	0.187987	0.197019
4.305000	0.200030	0.001909	0.190395	0.175341	0.219301	0.162694	0.187987	0.197019
4.310000	0.200030	0.849195	0.240377	0.177147	0.224720	0.163297	0.188589	0.197019
4.315000	0.236162	2.466083	0.237366	0.176545	0.225323	0.162694	0.188589	0.197019
4.320000	0.202439	2.466083	0.237969	0.177147	0.225323	0.162694	0.188589	0.197019
4.325000	0.202439	2.466083	0.236764	0.176545	0.224720	0.162694	0.188589	0.197019
4.330000	0.162092	0.001909	0.187384	0.174738	0.219301	0.162694	0.187987	0.197019
4.335000	0.198826	0.001909	0.190395	0.175341	0.219903	0.162694	0.188589	0.197019
4.340000	0.200633	0.001909	0.190998	0.175943	0.219903	0.162694	0.187987	0.197019
4.345000	0.200633	0.001909	0.190998	0.176545	0.219903	0.162694	0.188589	0.197019
4.350000	0.200633	0.001909	0.190998	0.176545	0.220505	0.163899	0.189191	0.197019
4.355000	0.200633	0.001909	0.190998	0.176545	0.219903	0.162694	0.187987	0.196417
4.360000	0.200633	0.001909	0.190998	0.175341	0.219903	0.162092	0.187987	0.196417
4.365000	0.200030	0.001909	0.190395	0.175341	0.219903	0.162694	0.188589	0.196417
4.370000	0.201235	0.001909	0.191600	0.176545	0.220505	0.162694	0.188589	0.196417
4.375000	0.200633	0.001909	0.191600	0.176545	0.220505	0.162694	0.188589	0.197019
4.380000	0.201235	0.001909	0.190998	0.176545	0.220505	0.162694	0.187987	0.197019
4.385000	0.200633	0.001909	0.190395	0.175943	0.219301	0.162694	0.188589	0.197019
4.390000	0.200633	0.001909	0.190998	0.175341	0.219903	0.162694	0.188589	0.197019
4.395000	0.200633	0.001909	0.190998	0.175341	0.219301	0.163297	0.187987	0.197019
4.400000	0.237969	2.466083	0.239775	0.177147	0.224720	0.162694	0.187987	0.197019
4.405000	0.202439	2.466083	0.236764	0.177147	0.224720	0.162694	0.187987	0.197019
4.410000	0.202439	2.466083	0.236764	0.177147	0.225925	0.163297	0.188589	0.197019
4.415000	0.169319	0.001909	0.187384	0.174136	0.219903	0.162694	0.187987	0.196417
4.420000	0.197019	0.001909	0.190395	0.175341	0.219903	0.162694	0.187987	0.196417
4.425000	0.200030	0.001909	0.190395	0.175943	0.219301	0.162694	0.187987	0.196417
4.430000	0.200633	0.001909	0.190998	0.175943	0.220505	0.163297	0.188589	0.197019
4.435000	0.200633	0.001909	0.190998	0.175943	0.220505	0.163297	0.188589	0.197019
4.440000	0.200633	0.001909	0.190998	0.175943	0.219301	0.162694	0.187987	0.196417
4.445000	0.200633	0.001909	0.190998	0.175341	0.219903	0.162694	0.188589	0.197019
4.450000	0.200633	0.002511	0.190395	0.175341	0.219903	0.162092	0.187987	0.196417
4.455000	0.200633	0.001909	0.190395	0.175943	0.220505	0.162694	0.187987	0.197019
4.460000	0.200030	0.001909	0.190998	0.175943	0.219903	0.162092	0.187987	0.197019
4.465000	0.200030	0.001909	0.190998	0.176545	0.219903	0.162694	0.187987	0.197019
4.470000	0.201235	0.001909	0.190998	0.175943	0.220505	0.163297	0.188589	0.197019
4.475000	0.200633	0.001909	0.190395	0.175341	0.219903	0.162694	0.187987	0.197019
4.480000	0.200633	0.001909	0.190395	0.175341	0.219903	0.162694	0.187987	0.197019
4.485000	0.239775	2.466083	0.240377	0.177749	0.225323	0.162694	0.188589	0.197019
4.490000	0.202439	2.466083	0.236764	0.177147	0.225323	0.162694	0.187987	0.197019
4.495000	0.201837	2.466083	0.236764	0.177147	0.224720	0.162694	0.187987	0.197019
4.500000	0.201837	2.466083	0.236162	0.174738	0.219903	0.162694	0.187987	0.196417
4.505000	0.166308	0.002511	0.187987	0.175341	0.219903	0.162092	0.188589	0.196417
4.510000	0.200030	0.002511	0.190998	0.175943	0.219903	0.162694	0.188589	0.197019
4.515000	0.200633	0.001909	0.191600	0.175943	0.219903	0.162694	0.187987	0.197019
4.520000	0.200030	0.001909	0.191600	0.176545	0.220505	0.163297	0.187987	0.197019
4.525000	0.200633	0.001909	0.191600	0.176545	0.220505	0.162694	0.188589	0.197019
4.530000	0.200633	0.001909	0.191600	0.176545	0.219903	0.163297	0.187987	0.197019
4.535000	0.200633	0.001909	0.190395	0.175341	0.219903	0.162092	0.187987	0.196417
4.540000	0.200633	0.001909	0.190395	0.175341	0.220505	0.162694	0.187987	0.196417
4.545000	0.200633	0.001909	0.190998	0.176545	0.220505	0.163297	0.188589	0.197622
4.550000	0.200633	0.001909	0.191600	0.176545	0.220505	0.163297	0.188589	0.197622
4.555000	0.201235	0.001909	0.190998	0.176545	0.219903	0.162694	0.188589	0.197019
4.560000	0.200633	0.001909	0.190998	0.175943	0.219301	0.162694	0.187987	0.196417
4.565000	0.200633	0.001909	0.190395	0.175341	0.220505	0.162694	0.187987	0.196417
4.570000	0.200633	0.001909	0.194009	0.177749	0.225323	0.162694	0.187987	0.197019
4.575000	0.236764	2.466083	0.237366	0.176545	0.225323	0.162092	0.188589	0.197019
4.580000	0.202439	2.466083	0.237366	0.177147	0.224720	0.162694	0.188589	0.197019
4.585000	0.202439	2.466083	0.237366	0.176545	0.225323	0.163297	0.188589	0.197019
4.590000	0.161490	0.001909	0.187384	0.174136	0.219903	0.162092	0.187987	0.197019
4.595000	0.200030	0.001909	0.190395	0.175943	0.219903	0.162694	0.187987	0.197019
4.600000	0.200633	0.001909	0.190998	0.175943	0.220505	0.163297	0.188589	0.197622
4.605000	0.201235	0.001909	0.190998	0.176545	0.220505	0.163297	0.188589	0.197019
4.610000	0.201235	0.001909	0.191600	0.177147	0.221107	0.162694	0.188589	0.197019
4.615000	0.201235	0.001909	0.190395	0.175943	0.219903	0.162694	0.187987	0.196417
4.620000	0.200030	0.001909	0.190998	0.175341	0.219903	0.162694	0.187987	0.197019
4.625000	0.200633	0.001909	0.190998	0.175943	0.219903	0.162694	0.188589	0.196417
4.630000	0.200633	0.001909	0.191600	0.175943	0.220505	0.162694	0.188589	0.197019
4.635000	0.200030	0.001909	0.190998	0.175943	0.219903	0.162694	0.188589	0.197019
4.640000	0.200633	0.001909	0.191600	0.176545	0.220505	0.163297	0.188589	0.197019
4.645000	0.201235	0.001909	0.191600	0.175943	0.220505	0.162694	0.188589	0.197622
4.650000	0.200633	0.001909	0.190998	0.175943	0.220505	0.162694	0.187987	0.196417
4.655000	0.200633	0.001909	0.191600	0.176545	0.219903	0.162092	0.188589	0.197019
4.660000	0.239173	2.466083	0.240377	0.177147	0.225925	0.163297	0.188589	0.197019
4.665000	0.202439	2.466083	0.237366	0.176545	0.225323	0.162694	0.188589	0.197019
4.670000	0.202439	2.466083	0.237366	0.176545	0.225323	0.162694	0.188589	0.197019
4.675000	0.189793	0.002511	0.187384	0.174136	0.219903	0.162694	0.187987	0.196417
4.680000	0.184373	0.001909	0.189793	0.175341	0.219301	0.162694	0.187987	0.196417
4.685000	0.200030	0.002511	0.190395	0.175341	0.219903	0.163297	0.187987	0.196417
4.690000	0.200030	0.001909	0.191600	0.175943	0.219301	0.162092	0.187987	0.197019
4.695000	0.200633	0.001909	0.190998	0.175943	0.219903	0.162694	0.187987	0.197622
4.700000	0.201235	0.001909	0.190998	0.176545	0.220505	0.163297	0.187987	0.197019
4.705000	0.200030	0.001909	0.190998	0.174738	0.219301	0.162092	0.187987	0.196417
4.710000	0.200633	0.001909	0.190395	0.175341	0.219903	0.162694	0.187987	0.197019
4.715000	0.200633	0.001909	0.190998	0.175943	0.220505	0.163297	0.187987	0.197019
4.720000	0.200633	0.001909	0.190998	0.175943	0.219903	0.163297	0.187987	0.197019
4.725000	0.200633	0.001909	0.190998	0.175943	0.220505	0.162694	0.187987	0.197019
4.730000	0.201235	0.001909	0.190998	0.175943	0.219903	0.162092	0.188589	0.197019
4.735000	0.200633	0.001909	0.190395	0.175341	0.219301	0.162092	0.187987	0.196417
4.740000	0.200633	0.001909	0.190998	0.175943	0.219903	0.162092	0.187987	0.196417
4.745000	0.240980	2.466083	0.239775	0.177147	0.224720	0.162092	0.187987	0.197019
4.750000	0.202439	2.466083	0.236764	0.176545	0.224720	0.162694	0.187987	0.197019
4.755000	0.202439	2.466083	0.236764	0.177147	0.225323	0.163297	0.188589	0.197019
4.760000	0.201837	2.466083	0.236764	0.176545	0.224118	0.162694	0.187987	0.196417
4.765000	0.164501	0.001909	0.187384	0.174738	0.219903	0.162694	0.187987	0.196417
4.770000	0.199428	0.001909	0.190395	0.175341	0.219903	0.162694	0.188589	0.196417
4.775000	0.200030	0.001909	0.191600	0.175943	0.219903	0.162694	0.188589	0.197019
4.780000	0.200633	0.001909	0.191600	0.176545	0.220505	0.163297	0.188589	0.197622
4.785000	0.200633	0.001909	0.190998	0.176545	0.219903	0.162694	0.188589	0.197019
4.790000	0.200633	0.001909	0.190395	0.175943	0.220505	0.162694	0.187987	0.197019
4.795000	0.200030	0.001909	0.190998	0.175341	0.219903	0.162694	0.187987	0.197019
4.800000	0.200030	0.001909	0.190395	0.175943	0.220505	0.162694	0.187987	0.197019
4.805000	0.200633	0.001909	0.190998	0.175943	0.219903	0.162694	0.187987	0.196417
4.810000	0.200633	0.001909	0.190998	0.175943	0.219903	0.162694	0.188589	0.197019
4.815000	0.201235	0.001909	0.190998	0.175943	0.219903	0.163297	0.188589	0.197019
4.820000	0.200633	0.001909	0.190998	0.175943	0.219903	0.162694	0.187987	0.196417
4.825000	0.200633	0.001909	0.190395	0.175341	0.219903	0.162092	0.187987	0.197019
4.830000	0.200030	0.001909	0.190998	0.178352	0.225323	0.162694	0.188589	0.197019
4.835000	0.237969	2.466083	0.239775	0.176545	0.225323	0.162694	0.188589	0.197019
4.840000	0.202439	2.466083	0.237366	0.176545	0.224720	0.162694	0.188589	0.197019
4.845000	0.202439	2.466083	0.237366	0.176545	0.224720	0.163297	0.187987	0.196417
4.850000	0.160888	0.001909	0.187384	0.174136	0.219301	0.162694	0.187987	0.197019
4.855000	0.199428	0.001909	0.190395	0.175943	0.219301	0.162694	0.188589	0.196417
4.860000	0.200030	0.001909	0.191600	0.175943	0.219903	0.162694	0.188589	0.196417
4.865000	0.200633	0.001909	0.191600	0.175943	0.219301	0.162694	0.187987	0.197019
4.870000	0.200633	0.001909	0.191600	0.176545	0.220505	0.163297	0.188589	0.197622
4.875000	0.200633	0.001909	0.190998	0.175943	0.219903	0.162092	0.187987	0.197019
4.880000	0.200633	0.001909	0.190395	0.175341	0.219903	0.162694	0.187987	0.197019
4.885000	0.200030	0.001909	0.190395	0.175943	0.219903	0.162694	0.188589	0.197019
4.890000	0.200030	0.001909	0.190998	0.175943	0.219903	0.162694	0.188589	0.197019
4.895000	0.200633	0.001909	0.190998	0.176545	0.219903	0.162694	0.188589	0.197019
4.900000	0.200633	0.001909	0.190998	0.176545	0.219903	0.162694	0.187987	0.197019
4.905000	0.200633	0.001909	0.190998	0.175943	0.219301	0.162694	0.188589	0.196417
4.910000	0.199428	0.001909	0.189793	0.175341	0.219301	0.162694	0.187987	0.196417
4.915000	0.200633	0.001909	0.190395	0.175341	0.219903	0.162694	0.187987	0.197019
4.920000	0.239173	2.466083	0.239775	0.177147	0.225323	0.162694	0.187987	0.196417
4.925000	0.201837	2.466083	0.236764	0.176545	0.225323	0.163297	0.188589	0.197019
4.930000	0.202439	2.466083	0.237366	0.176545	0.225323	0.162694	0.188589	0.197019
4.935000	0.202439	2.466083	0.232549	0.174136	0.219301	0.162694	0.187384	0.197019
4.940000	0.174136	0.001909	0.190395	0.175341	0.219301	0.162694	0.187987	0.196417
4.945000	0.200030	0.001909	0.190998	0.175943	0.219301	0.162092	0.187987	0.197019
4.950000	0.200633	0.001909	0.191600	0.176545	0.220505	0.162694	0.187987	0.197622
4.955000	0.200633	0.001909	0.190998	0.175943	0.219903	0.162694	0.187987	0.197019
4.960000	0.200633	0.001909	0.190998	0.175943	0.219903	0.162694	0.188589	0.196417
4.965000	0.200633	0.001909	0.190998	0.175341	0.219903	0.162092	0.187987	0.196417
4.970000	0.200633	0.001909	0.190395	0.175341	0.219903	0.162694	0.188589	0.197019
4.975000	0.200030	0.001909	0.190998	0.175943	0.220505	0.162694	0.188589	0.196417
4.980000	0.200030	0.001909	0.190998	0.176545	0.219903	0.162694	0.187987	0.197019
4.985000	0.200633	0.001909	0.191600	0.175943	0.219903	0.162092	0.187987	0.196417
4.990000	0.200633	0.001909	0.190395	0.176545	0.220505	0.162694	0.187987	0.196417
4.995000	0.200633	0.001909	0.190395	0.175943	0.220505	0.162092	0.187987	0.197019
5.000000	0.262659	0.001909	0.215687	0.192804	0.246399	0.163899	0.192804	0.203644
5.005000	0.201235	0.002511	0.190395	0.176545	0.221107	0.162694	0.188589	0.197019
5.010000	0.201235	0.002511	0.190998	0.175943	0.221107	0.162694	0.188589	0.197622
5.015000	0.201235	0.001909	0.192202	0.175943	0.220505	0.162694	0.189191	0.197019
5.020000	0.200633	0.001909	0.190998	0.176545	0.221107	0.162092	0.188589	0.197622
5.025000	0.201235	0.001909	0.191600	0.177147	0.221107	0.163297	0.189191	0.198224
5.030000	0.201235	0.002511	0.191600	0.175943	0.220505	0.162694	0.188589	0.197019
5.035000	0.200633	0.001909	0.190395	0.175341	0.220505	0.162092	0.188589	0.197019
5.040000	0.200633	0.001909	0.190998	0.175943	0.220505	0.162694	0.188589	0.197019
5.045000	0.201235	0.001909	0.190998	0.176545	0.221107	0.163297	0.188589	0.197622
5.050000	0.201235	0.001909	0.191600	0.177147	0.220505	0.163297	0.189191	0.197622
5.055000	0.201235	0.001909	0.190998	0.176545	0.220505	0.162694	0.189191	0.197019
5.060000	0.201235	0.001909	0.190998	0.175341	0.220505	0.163297	0.188589	0.196417
5.065000	0.200633	0.001909	0.190395	0.175341	0.219903	0.162092	0.188589	0.197019
5.070000	0.200633	0.001909	0.190998	0.175943	0.221107	0.162694	0.187987	0.197019
5.075000	0.201235	0.001909	0.190998	0.176545	0.219903	0.162694	0.188589	0.197019
5.080000	0.201235	0.001909	0.190998	0.176545	0.219903	0.162694	0.188589	0.197019
5.085000	0.201235	0.001909	0.191600	0.176545	0.221107	0.163297	0.188589	0.197019
5.090000	0.200633	0.001909	0.190998	0.175943	0.219903	0.162092	0.187987	0.197019
5.095000	0.200633	0.001909	0.190998	0.175943	0.220505	0.162694	0.188589	0.197019
5.100000	0.200633	0.001909	0.191600	0.175943	0.220505	0.162694	0.189191	0.197622
5.105000	0.200633	0.001909	0.191600	0.176545	0.221107	0.163297	0.188589	0.197622
5.110000	0.201837	0.001909	0.191600	0.176545	0.220505	0.162694	0.188589	0.197019
5.115000	0.201235	0.001909	0.191600	0.175943	0.220505	0.162694	0.188589	0.196417
5.120000	0.201235	0.002511	0.190998	0.175943	0.220505	0.162694	0.188589	0.197019
5.125000	0.200633	0.001909	0.190395	0.175943	0.220505	0.162694	0.188589	0.197019
5.130000	0.201235	0.001909	0.191600	0.175943	0.219903	0.162092	0.188589	0.197019
5.135000	0.201235	0.001909	0.191600	0.176545	0.220505	0.162694	0.188589	0.197019
5.140000	0.201235	0.001909	0.191600	0.177147	0.220505	0.163297	0.188589	0.197019
5.145000	0.200633	0.001909	0.190998	0.175943	0.220505	0.162694	0.188589	0.197019
5.150000	0.200633	0.001909	0.190998	0.175943	0.221107	0.162092	0.188589	0.197019
5.155000	0.200030	0.001909	0.190998	0.175943	0.220505	0.162694	0.188589	0.196417
5.160000	0.200633	0.001909	0.191600	0.176545	0.221107	0.163297	0.189191	0.197622
5.165000	0.201235	0.001909	0.191600	0.176545	0.221107	0.163297	0.189191	0.197622
5.170000	0.200633	0.001909	0.192202	0.175943	0.220505	0.162694	0.187987	0.197019
5.175000	0.200633	0.001909	0.190395	0.175943	0.220505	0.162694	0.187987	0.197019
5.180000	0.200030	0.002511	0.190395	0.175943	0.219903	0.162694	0.187987	0.197019
5.185000	0.200633	0.001909	0.190395	0.175943	0.219903	0.162694	0.187987	0.197019
5.190000	0.200030	0.001909	0.191600	0.175943	0.220505	0.162694	0.188589	0.197019
5.195000	0.200633	0.001909	0.192202	0.176545	0.219903	0.163297	0.188589	0.197019
5.200000	0.201235	0.001909	0.191600	0.176545	0.220505	0.163297	0.187987	0.197019
5.205000	0.200633	0.001909	0.190395	0.175943	0.219903	0.162694	0.187987	0.196417
5.210000	0.200633	0.001909	0.190395	0.175943	0.219903	0.162092	0.188589	0.197019
5.215000	0.200633	0.001909	0.190998	0.175943	0.219903	0.162694	0.188589	0.197019
5.220000	0.201235	0.001909	0.190998	0.176545	0.221107	0.163297	0.188589	0.197019
5.225000	0.201235	0.001909	0.191600	0.176545	0.220505	0.162694	0.188589	0.197622
5.230000	0.201235	0.001909	0.190998	0.175943	0.220505	0.162694	0.188589	0.197622
5.235000	0.200633	0.001909	0.190395	0.175943	0.220505	0.162694	0.188589	0.197019
5.240000	0.200633	0.001909	0.190998	0.175943	0.219903	0.162694	0.188589	0.197019
5.245000	0.200633	0.001909	0.191600	0.175943	0.219903	0.162092	0.188589	0.197019
5.250000	0.200633	0.001909	0.191600	0.176545	0.220505	0.162694	0.188589	0.197622
5.255000	0.201235	0.001909	0.191600	0.176545	0.220505	0.162694	0.189191	0.197622
5.260000	0.201235	0.001909	0.190998	0.175943	0.219903	0.163297	0.187987	0.197019
5.265000	0.200633	0.001909	0.190998	0.175341	0.220505	0.162694	0.187987	0.197019
5.270000	0.200633	0.001909	0.190998	0.175943	0.220505	0.162694	0.189191	0.197622
5.275000	0.200633	0.001909	0.191600	0.176545	0.220505	0.163297	0.189191	0.197019
5.280000	0.200633	0.001909	0.191600	0.177147	0.220505	0.163297	0.188589	0.197622
5.285000	0.201235	0.001909	0.191600	0.176545	0.220505	0.162694	0.188589	0.197019
5.290000	0.200633	0.001909	0.190998	0.175341	0.220505	0.162694	0.188589	0.197019
5.295000	0.200633	0.001909	0.190998	0.175943	0.220505	0.162092	0.187987	0.197019
5.300000	0.200633	0.001909	0.190998	0.175943	0.219903	0.162694	0.188589	0.197019
5.305000	0.200633	0.001909	0.190998	0.175943	0.219903	0.162694	0.187987	0.197019
5.310000	0.200633	0.001909	0.191600	0.176545	0.219903	0.162694	0.187987	0.197019
5.315000	0.200633	0.001909	0.191600	0.175943	0.219903	0.162694	0.188589	0.197019
5.320000	0.200633	0.001909	0.190998	0.175341	0.219903	0.162694	0.188589	0.197019
5.325000	0.200633	0.001909	0.190998	0.175341	0.219903	0.162694	0.187987	0.196417
5.330000	0.200030	0.001909	0.190998	0.175943	0.219903	0.162694	0.189191	0.197622
5.335000	0.201235	0.001909	0.192202	0.176545	0.220505	0.163297	0.189191	0.197622
5.340000	0.201235	0.001909	0.191600	0.176545	0.221107	0.163297	0.188589	0.197019
5.345000	0.201235	0.001909	0.190998	0.176545	0.220505	0.162694	0.187987	0.197019
5.350000	0.200633	0.001909	0.190998	0.175943	0.219903	0.162092	0.188589	0.196417
5.355000	0.200633	0.001909	0.190395	0.175943	0.220505	0.162694	0.187987	0.197019
5.360000	0.201235	0.001909	0.191600	0.176545	0.219903	0.162694	0.188589	0.197019
5.365000	0.201235	0.001909	0.191600	0.176545	0.220505	0.163297	0.188589	0.196417
5.370000	0.201235	0.001909	0.191600	0.176545	0.220505	0.163899	0.188589	0.197019
5.375000	0.200633	0.001909	0.190998	0.175943	0.219903	0.162092	0.187987	0.197019
5.380000	0.201235	0.001909	0.190998	0.175341	0.219903	0.162694	0.187987	0.197019
5.385000	0.200633	0.001909	0.190998	0.175943	0.220505	0.162092	0.188589	0.197019
5.390000	0.201235	0.001909	0.191600	0.176545	0.220505	0.162694	0.188589	0.197019
5.395000	0.201235	0.001909	0.191600	0.176545	0.220505	0.162694	0.188589	0.197019
5.400000	0.201235	0.001909	0.191600	0.176545	0.220505	0.162694	0.188589	0.197019
5.405000	0.200633	0.001909	0.190395	0.175943	0.219301	0.162092	0.187987	0.196417
5.410000	0.200633	0.001909	0.190395	0.175341	0.219903	0.162092	0.187987	0.197019
5.415000	0.200633	0.001909	0.190998	0.175943	0.220505	0.162694	0.188589	0.197019
5.420000	0.200633	0.001909	0.190395	0.175943	0.220505	0.162092	0.188589	0.196417
5.425000	0.200633	0.001909	0.191600	0.176545	0.219903	0.162694	0.189191	0.197019
5.430000	0.201837	0.001909	0.191600	0.176545	0.220505	0.163297	0.188589	0.197019
5.435000	0.200633	0.001909	0.189793	0.175341	0.219903	0.162694	0.187987	0.196417
5.440000	0.200030	0.001909	0.190395	0.175341	0.219301	0.162092	0.188589	0.197019
5.445000	0.200633	0.001909	0.190998	0.175943	0.220505	0.163297	0.188589	0.197019
5.450000	0.200633	0.001909	0.191600	0.176545	0.220505	0.163297	0.188589	0.197019
5.455000	0.200633	0.001909	0.191600	0.176545	0.220505	0.162694	0.187987	0.197019
5.460000	0.201235	0.001909	0.190998	0.175943	0.219903	0.162694	0.187987	0.197019
5.465000	0.200030	0.001909	0.190998	0.175341	0.220505	0.162694	0.187987	0.197019
5.470000	0.200633	0.001909	0.190395	0.175943	0.220505	0.162694	0.188589	0.197019
5.475000	0.200030	0.001909	0.190395	0.175943	0.219903	0.162092	0.187987	0.196417
5.480000	0.200030	0.002511	0.190998	0.175943	0.219903	0.162694	0.188589	0.197019
5.485000	0.200633	0.002511	0.191600	0.175943	0.220505	0.163297	0.188589	0.197019
5.490000	0.201235	0.001909	0.191600	0.175943	0.220505	0.162694	0.187987	0.197019
5.495000	0.200633	0.001909	0.190998	0.175341	0.219903	0.162092	0.187987	0.196417
5.500000	0.200030	0.001909	0.190395	0.175943	0.219903	0.162694	0.188589	0.196417
5.505000	0.200030	0.001909	0.190998	0.175943	0.220505	0.162694	0.187987	0.197019
5.510000	0.200633	0.001909	0.190998	0.176545	0.220505	0.162694	0.188589	0.197019
5.515000	0.200633	0.001909	0.191600	0.176545	0.219903	0.162092	0.187987	0.196417
5.520000	0.200633	0.001909	0.190395	0.175943	0.219903	0.162694	0.187987	0.196417
5.525000	0.200633	0.001909	0.190395	0.175943	0.220505	0.162092	0.187987	0.197019
5.530000	0.200030	0.001909	0.190395	0.175341	0.219903	0.162694	0.188589	0.196417
5.535000	0.200633	0.001909	0.190395	0.175943	0.219903	0.162092	0.188589	0.197622
5.540000	0.200030	0.001909	0.190998	0.176545	0.220505	0.162694	0.187987	0.197019
5.545000	0.200633	0.001909	0.191600	0.176545	0.220505	0.162694	0.187987	0.197019
5.550000	0.200633	0.001909	0.190998	0.175943	0.219903	0.162694	0.187987	0.197019
5.555000	0.200030	0.001909	0.190998	0.175341	0.219903	0.162092	0.187987	0.196417
5.560000	0.200030	0.001909	0.190998	0.175341	0.219903	0.162694	0.188589	0.197019
5.565000	0.200633	0.001909	0.191600	0.176545	0.219903	0.162694	0.188589	0.197622
5.570000	0.200633	0.001909	0.191600	0.176545	0.220505	0.162694	0.188589	0.197019
5.575000	0.200633	0.001909	0.190998	0.175943	0.220505	0.162694	0.188589	0.197019
5.580000	0.200633	0.001909	0.190998	0.175341	0.219903	0.162694	0.187987	0.196417
5.585000	0.200633	0.001909	0.190395	0.175341	0.219301	0.162694	0.188589	0.197019
5.590000	0.200633	0.001909	0.190998	0.175943	0.220505	0.162694	0.188589	0.197019
5.595000	0.200633	0.001909	0.190998	0.176545	0.219903	0.162694	0.187987	0.197019
5.600000	0.200030	0.001909	0.191600	0.176545	0.219903	0.162694	0.187987	0.197019
5.605000	0.200633	0.002511	0.190998	0.176545	0.220505	0.162694	0.188589	0.197019
5.610000	0.200633	0.001909	0.190395	0.175341	0.219301	0.162092	0.188589	0.197019
5.615000	0.200030	0.001909	0.190395	0.175943	0.219301	0.162694	0.187987	0.196417
5.620000	0.200030	0.001909	0.190998	0.175943	0.219903	0.162092	0.187987	0.197019
5.625000	0.200633	0.001909	0.190998	0.177147	0.219903	0.163297	0.187987	0.197019
5.630000	0.200633	0.001909	0.191600	0.176545	0.219903	0.162694	0.187987	0.197019
5.635000	0.200633	0.001909	0.190998	0.175943	0.219903	0.162694	0.187987	0.196417
5.640000	0.200633	0.001909	0.190395	0.175341	0.219903	0.162694	0.188589	0.196417
5.645000	0.200030	0.001909	0.190998	0.175943	0.220505	0.162694	0.187987	0.197622
5.650000	0.200633	0.001909	0.190998	0.175943	0.219903	0.162694	0.188589	0.196417
5.655000	0.199428	0.001909	0.191600	0.176545	0.220505	0.162694	0.187987	0.197019
5.660000	0.200633	0.001909	0.191600	0.177147	0.220505	0.162694	0.188589	0.197019
5.665000	0.201235	0.001909	0.190395	0.175943	0.219301	0.162694	0.188589	0.197019
5.670000	0.200030	0.001909	0.190395	0.175341	0.219903	0.162694	0.188589	0.196417
5.675000	0.200030	0.001909	0.190395	0.175943	0.219903	0.162694	0.188589	0.197019
5.680000	0.201235	0.001909	0.191600	0.175943	0.220505	0.163297	0.188589	0.197019
5.685000	0.200633	0.001909	0.190998	0.175943	0.220505	0.163297	0.187987	0.197019
5.690000	0.200633	0.001909	0.190998	0.175943	0.219903	0.162694	0.187987	0.197019
5.695000	0.201235	0.001909	0.190395	0.175943	0.219903	0.162092	0.188589	0.196417
5.700000	0.200030	0.001909	0.190395	0.175341	0.219903	0.162092	0.187384	0.197019
5.705000	0.199428	0.001909	0.190998	0.175943	0.219903	0.162694	0.188589	0.197019
5.710000	0.199428	0.001909	0.190395	0.175943	0.219903	0.162694	0.187987	0.196417
5.715000	0.201235	0.001909	0.190998	0.175943	0.220505	0.162694	0.187987	0.197019
5.720000	0.201235	0.001909	0.190998	0.176545	0.220505	0.163297	0.188589	0.197019
5.725000	0.200633	0.001909	0.190395	0.175341	0.219903	0.162694	0.187987	0.197019
5.730000	0.200030	0.001909	0.190395	0.175341	0.219903	0.162694	0.187987	0.197019
5.735000	0.200633	0.001909	0.190998	0.175943	0.219903	0.163297	0.188589	0.197019
5.740000	0.200633	0.001909	0.192202	0.176545	0.220505	0.163297	0.189191	0.196417
5.745000	0.201235	0.001909	0.191600	0.176545	0.220505	0.162694	0.188589	0.197622
5.750000	0.200633	0.002511	0.190998	0.175943	0.220505	0.162694	0.187987	0.197019
5.755000	0.201235	0.001909	0.190998	0.175943	0.219903	0.162092	0.188589	0.197019
5.760000	0.200030	0.001909	0.189793	0.175341	0.219301	0.162694	0.187987	0.196417
5.765000	0.200633	0.001909	0.190998	0.175943	0.219903	0.162092	0.187987	0.197019
5.770000	0.200633	0.001909	0.190998	0.175943	0.220505	0.162694	0.187987	0.197019
5.775000	0.200633	0.001909	0.191600	0.176545	0.220505	0.162694	0.188589	0.197019
5.780000	0.200633	0.001909	0.191600	0.175943	0.219903	0.162694	0.187987	0.196417
5.785000	0.200633	0.001909	0.189793	0.175341	0.219301	0.162092	0.187987	0.197019
5.790000	0.200030	0.001909	0.190395	0.175943	0.219903	0.162092	0.188589	0.196417
5.795000	0.200633	0.001909	0.190998	0.176545	0.220505	0.163297	0.188589	0.197019
5.800000	0.201235	0.001909	0.191600	0.176545	0.220505	0.163297	0.188589	0.197019
5.805000	0.201235	0.001909	0.191600	0.176545	0.219903	0.162694	0.187987	0.197019
5.810000	0.200633	0.001909	0.190395	0.175341	0.219903	0.162092	0.188589	0.197019
5.815000	0.200030	0.001909	0.189793	0.175341	0.219903	0.162092	0.187987	0.196417
5.820000	0.200030	0.001909	0.190395	0.175943	0.219903	0.162694	0.187987	0.197019
5.825000	0.200030	0.001909	0.190998	0.176545	0.219903	0.162694	0.187987	0.197019
5.830000	0.200633	0.001909	0.190998	0.175943	0.219903	0.162694	0.188589	0.197019
5.835000	0.200633	0.001909	0.190998	0.176545	0.220505	0.162694	0.187987	0.196417
5.840000	0.200633	0.001909	0.190395	0.175943	0.219903	0.162694	0.187987	0.197019
5.845000	0.200633	0.001909	0.190395	0.175341	0.219903	0.162694	0.188589	0.197019
5.850000	0.200030	0.002511	0.190998	0.176545	0.219903	0.162694	0.187987	0.197019
5.855000	0.200633	0.001909	0.191600	0.176545	0.220505	0.163297	0.188589	0.197019
5.860000	0.201235	0.001909	0.191600	0.176545	0.220505	0.163297	0.187987	0.197019
5.865000	0.201235	0.001909	0.190998	0.175943	0.219903	0.162694	0.188589	0.197019
5.870000	0.200030	0.001909	0.190395	0.175341	0.219301	0.162694	0.187987	0.196417
5.875000	0.200633	0.001909	0.190998	0.175341	0.219903	0.162694	0.187987	0.196417
5.880000	0.200633	0.001909	0.190998	0.175943	0.219301	0.162092	0.187384	0.196417
5.885000	0.200030	0.001909	0.190395	0.175943	0.219903	0.163297	0.188589	0.197019
5.890000	0.200030	0.001909	0.190998	0.175943	0.219301	0.163297	0.187987	0.197019
5.895000	0.200633	0.001909	0.190395	0.175943	0.219903	0.162694	0.188589	0.196417
5.900000	0.200030	0.001909	0.189793	0.175341	0.219301	0.162092	0.187384	0.196417
5.905000	0.200030	0.001909	0.190998	0.175943	0.219903	0.162092	0.187987	0.196417
5.910000	0.200633	0.001909	0.191600	0.175943	0.219903	0.162694	0.187987	0.197019
5.915000	0.200633	0.001909	0.191600	0.176545	0.221107	0.162694	0.188589	0.197019
5.920000	0.200633	0.001909	0.190998	0.175943	0.220505	0.162694	0.188589	0.197019
5.925000	0.200633	0.001909	0.190395	0.175341	0.219301	0.162092	0.187987	0.196417
5.930000	0.200633	0.001909	0.190395	0.175341	0.219301	0.162092	0.187987	0.197019
5.935000	0.200633	0.001909	0.190395	0.175943	0.220505	0.163297	0.188589	0.197019
5.940000	0.200633	0.001909	0.190998	0.175943	0.219903	0.162092	0.188589	0.196417
5.945000	0.200030	0.001909	0.190998	0.176545	0.219903	0.163297	0.188589	0.197019
5.950000	0.201235	0.001909	0.192202	0.176545	0.220505	0.162694	0.189191	0.197019
5.955000	0.200633	0.001909	0.189793	0.175943	0.219903	0.162092	0.187987	0.197019
5.960000	0.200633	0.001909	0.190998	0.175341	0.219903	0.162092	0.188589	0.197019
5.965000	0.200633	0.001909	0.190998	0.175943	0.220505	0.162694	0.188589	0.197622
5.970000	0.201235	0.001909	0.191600	0.175943	0.220505	0.162694	0.188589	0.197622
5.975000	0.201837	0.001909	0.192202	0.176545	0.221107	0.163899	0.188589	0.197019
5.980000	0.200633	0.001909	0.191600	0.175943	0.220505	0.162694	0.188589	0.197019
5.985000	0.200633	0.001909	0.190998	0.175943	0.219903	0.162694	0.188589	0.197019
5.990000	0.200633	0.001909	0.190998	0.175341	0.221107	0.162694	0.187987	0.197019
5.995000	0.200633	0.002511	0.191600	0.176545	0.220505	0.162694	0.188589	0.197019
