06/26/2019
11:19:45 AM

Insert channel info here... 
Insert channel info here... 
Insert channel info here... 
Insert channel info here... 
Insert channel info here... 
Insert channel info here... 
Insert channel info here... 
Insert channel info here... 

Time		   v0		   v1		   v2		   v3		   v4		   v5		   v6		   v7		   y0		   y1		   y2		   y3		   y4		   y5		   y6		   y7 
0.000000	0.424046	0.001909	0.326491	0.269885	0.431273	0.187384	0.292166	0.327093
0.005000	0.235560	0.001909	0.215687	0.194009	0.256637	0.168716	0.209063	0.222914
0.010000	0.236162	0.001909	0.219301	0.194009	0.258443	0.169319	0.211472	0.221709
0.015000	0.234958	0.001909	0.217494	0.192202	0.257239	0.168716	0.210870	0.221709
0.020000	0.234355	0.001909	0.218096	0.192804	0.258443	0.169921	0.211472	0.221709
0.025000	0.236162	0.001909	0.219301	0.194009	0.258443	0.169921	0.211472	0.222312
0.030000	0.235560	0.001909	0.218096	0.193406	0.257239	0.169319	0.211472	0.222312
0.035000	0.234958	0.001909	0.217494	0.192804	0.257239	0.168114	0.211472	0.221709
0.040000	0.234958	0.001909	0.218698	0.193406	0.257841	0.169319	0.211472	0.221709
0.045000	0.235560	0.001909	0.218698	0.193406	0.257841	0.169319	0.211472	0.221709
0.050000	0.234355	0.001909	0.216892	0.192202	0.256637	0.168114	0.212074	0.221709
0.055000	0.234958	0.001909	0.218698	0.193406	0.258443	0.169319	0.211472	0.222312
0.060000	0.235560	0.001909	0.218698	0.192804	0.257239	0.169319	0.210870	0.221107
0.065000	0.234958	0.001909	0.217494	0.192804	0.257239	0.168716	0.210870	0.221107
0.070000	0.233753	0.001909	0.217494	0.192804	0.257239	0.169319	0.211472	0.221709
0.075000	0.235560	0.001909	0.219301	0.194009	0.257841	0.169319	0.211472	0.222312
0.080000	0.234958	0.001909	0.218096	0.192804	0.257239	0.168716	0.210870	0.221709
0.085000	0.234355	0.001909	0.216892	0.192202	0.256637	0.168716	0.210870	0.221709
0.090000	0.234958	0.001909	0.218698	0.193406	0.258443	0.169319	0.210870	0.222312
0.095000	0.235560	0.001909	0.218096	0.193406	0.257841	0.168716	0.211472	0.221709
0.100000	0.234958	0.001909	0.217494	0.192804	0.256637	0.168114	0.210870	0.221709
0.105000	0.234355	0.001909	0.218096	0.192804	0.257239	0.169319	0.211472	0.221709
0.110000	0.235560	0.001909	0.219301	0.193406	0.257841	0.169319	0.211472	0.222312
0.115000	0.234958	0.001909	0.217494	0.192804	0.256637	0.168114	0.210870	0.221709
0.120000	0.234958	0.001909	0.218096	0.192804	0.257841	0.168716	0.210870	0.222312
0.125000	0.236764	0.001909	0.219301	0.193406	0.258443	0.169921	0.211472	0.222312
0.130000	0.235560	0.001909	0.218096	0.193406	0.257841	0.169319	0.211472	0.221709
0.135000	0.234958	0.001909	0.217494	0.192804	0.257239	0.168716	0.210870	0.221107
0.140000	0.236162	0.001909	0.219301	0.194009	0.257841	0.169319	0.211472	0.221709
0.145000	0.236162	0.001909	0.218698	0.192804	0.257239	0.169319	0.210870	0.222312
0.150000	0.234355	0.001909	0.216892	0.192202	0.257239	0.168716	0.210870	0.221107
0.155000	0.234958	0.001909	0.218698	0.193406	0.257841	0.169921	0.211472	0.221709
0.160000	0.234958	0.001909	0.218698	0.193406	0.257841	0.169319	0.212074	0.221709
0.165000	0.234958	0.001909	0.217494	0.192804	0.257841	0.168716	0.211472	0.221709
0.170000	0.234355	0.001909	0.217494	0.192202	0.257841	0.168716	0.211472	0.221709
0.175000	0.235560	0.001909	0.218698	0.193406	0.258443	0.169319	0.211472	0.222312
0.180000	0.234958	0.001909	0.217494	0.193406	0.257239	0.169319	0.210870	0.221709
0.185000	0.234355	0.001909	0.217494	0.191600	0.256637	0.168716	0.211472	0.221709
0.190000	0.235560	0.001909	0.219301	0.194009	0.257841	0.169319	0.211472	0.222312
0.195000	0.236162	0.001909	0.218698	0.192804	0.258443	0.168716	0.211472	0.221709
0.200000	0.234958	0.001909	0.217494	0.192804	0.257239	0.168716	0.211472	0.221709
0.205000	0.234958	0.001909	0.218096	0.192804	0.257239	0.169319	0.211472	0.221709
0.210000	0.235560	0.001909	0.218698	0.193406	0.257841	0.169319	0.212074	0.222312
0.215000	0.235560	0.001909	0.217494	0.192202	0.256637	0.168716	0.210870	0.221709
0.220000	0.234355	0.002511	0.218096	0.192804	0.259045	0.169319	0.211472	0.222312
0.225000	0.236162	0.001909	0.219301	0.194009	0.258443	0.169319	0.211472	0.221709
0.230000	0.235560	0.001909	0.218096	0.192804	0.257841	0.169319	0.211472	0.221709
0.235000	0.234355	0.001909	0.218096	0.192202	0.257239	0.168716	0.210870	0.221107
0.240000	0.235560	0.001909	0.218096	0.193406	0.258443	0.169319	0.212074	0.222312
0.245000	0.235560	0.001909	0.218698	0.193406	0.258443	0.169319	0.210870	0.221709
0.250000	0.234958	0.001909	0.216892	0.192202	0.257239	0.168716	0.210870	0.221107
0.255000	0.234958	0.001909	0.218698	0.193406	0.259045	0.169319	0.211472	0.222312
0.260000	0.235560	0.001909	0.219301	0.193406	0.257841	0.169319	0.211472	0.221709
0.265000	0.234958	0.001909	0.218096	0.192804	0.257239	0.168716	0.211472	0.221107
0.270000	0.234355	0.001909	0.218096	0.192804	0.257841	0.168114	0.211472	0.221709
0.275000	0.235560	0.001909	0.219301	0.194009	0.257841	0.169319	0.211472	0.221709
0.280000	0.235560	0.001909	0.218698	0.193406	0.257841	0.168716	0.211472	0.220505
0.285000	0.234355	0.001909	0.216892	0.192202	0.257239	0.168114	0.210870	0.221107
0.290000	0.235560	0.001909	0.218698	0.193406	0.257841	0.169319	0.211472	0.222312
0.295000	0.234958	0.001909	0.218698	0.192804	0.257239	0.169319	0.210870	0.221709
0.300000	0.234355	0.001909	0.216892	0.191600	0.257239	0.168716	0.210870	0.221709
0.305000	0.234958	0.001909	0.218096	0.193406	0.257239	0.169319	0.211472	0.221709
0.310000	0.235560	0.001909	0.218698	0.193406	0.257841	0.169319	0.211472	0.221709
0.315000	0.234355	0.001909	0.216892	0.192202	0.256034	0.168716	0.211472	0.221709
0.320000	0.233753	0.001909	0.218096	0.192804	0.257239	0.169319	0.211472	0.221709
0.325000	0.235560	0.002511	0.218698	0.193406	0.257841	0.169921	0.212074	0.221709
0.330000	0.234958	0.002511	0.218096	0.192804	0.257239	0.168716	0.210268	0.221107
0.335000	0.234355	0.001909	0.216892	0.192804	0.257239	0.169319	0.210870	0.221107
0.340000	0.234958	0.001909	0.218698	0.192804	0.258443	0.169921	0.212074	0.221709
0.345000	0.234958	0.001909	0.218096	0.193406	0.257239	0.169319	0.210870	0.221709
0.350000	0.234355	0.001909	0.216892	0.191600	0.256637	0.168114	0.210870	0.221107
0.355000	0.234958	0.001909	0.218698	0.193406	0.257841	0.169319	0.211472	0.221709
0.360000	0.235560	0.001909	0.218096	0.193406	0.257239	0.169319	0.211472	0.221709
0.365000	0.234958	0.002511	0.217494	0.192202	0.257239	0.168716	0.210870	0.221107
0.370000	0.234355	0.001909	0.216892	0.192202	0.257239	0.168716	0.210870	0.221107
0.375000	0.235560	0.001909	0.219301	0.193406	0.257841	0.169319	0.211472	0.221709
0.380000	0.234355	0.001909	0.218096	0.193406	0.257841	0.168114	0.210870	0.221107
0.385000	0.233753	0.002511	0.216892	0.192202	0.256637	0.168716	0.210870	0.221709
0.390000	0.234958	0.001909	0.218698	0.194009	0.257841	0.169921	0.211472	0.221709
0.395000	0.234958	0.001909	0.218096	0.192804	0.257239	0.168716	0.211472	0.221709
0.400000	0.234355	0.001909	0.217494	0.192202	0.256637	0.168716	0.210870	0.221709
0.405000	0.234355	0.001909	0.218096	0.192804	0.256034	0.169319	0.210870	0.221709
0.410000	0.235560	0.001909	0.218698	0.193406	0.257841	0.169921	0.211472	0.221709
0.415000	0.234958	0.001909	0.217494	0.191600	0.256637	0.168716	0.210268	0.220505
0.420000	0.234355	0.001909	0.217494	0.192202	0.257239	0.169319	0.211472	0.221709
0.425000	0.235560	0.001909	0.218698	0.193406	0.257239	0.169319	0.211472	0.221709
0.430000	0.234958	0.001909	0.218096	0.192804	0.256637	0.169319	0.210870	0.221709
0.435000	0.234958	0.001909	0.216892	0.192202	0.257239	0.168114	0.211472	0.221709
0.440000	0.234958	0.002511	0.218698	0.192804	0.257239	0.169319	0.211472	0.221709
0.445000	0.235560	0.001909	0.218698	0.193406	0.257841	0.169319	0.211472	0.221709
0.450000	0.234355	0.001909	0.217494	0.192202	0.256637	0.168114	0.211472	0.221107
0.455000	0.234355	0.001909	0.218096	0.192804	0.257239	0.169921	0.211472	0.221709
0.460000	0.234958	0.001909	0.218698	0.193406	0.257841	0.169319	0.210870	0.221709
0.465000	0.234958	0.001909	0.218096	0.192202	0.257239	0.168716	0.211472	0.221107
0.470000	0.234958	0.002511	0.216892	0.192202	0.257239	0.168716	0.211472	0.221709
0.475000	0.235560	0.001909	0.218698	0.194611	0.257841	0.169319	0.211472	0.222312
0.480000	0.235560	0.001909	0.218096	0.192804	0.257239	0.169319	0.210870	0.221107
0.485000	0.234355	0.001909	0.217494	0.192202	0.257239	0.168716	0.211472	0.221107
0.490000	0.234958	0.001909	0.218698	0.193406	0.258443	0.169319	0.211472	0.221709
0.495000	0.235560	0.001909	0.218698	0.193406	0.258443	0.168716	0.211472	0.221709
0.500000	0.234958	0.001909	0.217494	0.192202	0.257239	0.168716	0.211472	0.221709
0.505000	0.234958	0.001909	0.218698	0.192804	0.257841	0.168716	0.212074	0.222312
0.510000	0.236162	0.001909	0.218698	0.194009	0.257841	0.169319	0.211472	0.221709
0.515000	0.235560	0.001909	0.218096	0.192202	0.256637	0.168716	0.210870	0.221107
0.520000	0.234958	0.001909	0.217494	0.192804	0.257841	0.169319	0.210870	0.222312
0.525000	0.235560	0.001909	0.219301	0.193406	0.258443	0.169319	0.211472	0.221709
0.530000	0.234958	0.001909	0.218698	0.192804	0.257239	0.168716	0.211472	0.221107
0.535000	0.234958	0.001909	0.216892	0.192202	0.257239	0.168716	0.210870	0.221709
0.540000	0.234958	0.001909	0.218698	0.193406	0.257841	0.169319	0.210870	0.221709
0.545000	0.235560	0.001909	0.218698	0.193406	0.257841	0.169319	0.211472	0.221107
0.550000	0.233753	0.001909	0.216892	0.191600	0.256637	0.168114	0.210268	0.221107
0.555000	0.234355	0.001909	0.218096	0.193406	0.257841	0.169921	0.211472	0.222312
0.560000	0.235560	0.001909	0.219301	0.193406	0.257841	0.168716	0.211472	0.221709
0.565000	0.234958	0.001909	0.217494	0.192804	0.256637	0.168716	0.210870	0.221107
0.570000	0.234355	0.001909	0.218096	0.192202	0.256637	0.168716	0.210870	0.221709
0.575000	0.235560	0.001909	0.219301	0.193406	0.257841	0.169319	0.211472	0.222312
0.580000	0.234958	0.001909	0.218698	0.192804	0.256637	0.168716	0.210870	0.221107
0.585000	0.233753	0.001909	0.216892	0.191600	0.256637	0.168716	0.210870	0.221709
0.590000	0.235560	0.001909	0.218698	0.193406	0.257841	0.169319	0.211472	0.222312
0.595000	0.235560	0.001909	0.218096	0.192804	0.257239	0.169319	0.211472	0.221709
0.600000	0.234355	0.001909	0.217494	0.192202	0.256637	0.168716	0.210268	0.221709
0.605000	0.234355	0.001909	0.218096	0.192804	0.257239	0.169319	0.211472	0.221709
0.610000	0.235560	0.001909	0.218698	0.193406	0.257841	0.169319	0.211472	0.221709
0.615000	0.234958	0.001909	0.217494	0.191600	0.256637	0.168716	0.211472	0.220505
0.620000	0.234355	0.001909	0.217494	0.192202	0.257239	0.169319	0.211472	0.221709
0.625000	0.234958	0.001909	0.218698	0.194009	0.257841	0.169319	0.211472	0.221709
0.630000	0.234958	0.002511	0.218096	0.192804	0.256637	0.168716	0.210870	0.221107
0.635000	0.233753	0.001909	0.216892	0.192202	0.256637	0.168716	0.211472	0.220505
0.640000	0.234355	0.001909	0.218698	0.193406	0.257841	0.169921	0.211472	0.221709
0.645000	0.235560	0.001909	0.218698	0.192804	0.257239	0.169319	0.210870	0.221709
0.650000	0.233753	0.001909	0.216892	0.192202	0.256034	0.168114	0.210268	0.221107
0.655000	0.234958	0.001909	0.218096	0.192804	0.257239	0.169319	0.211472	0.221709
0.660000	0.235560	0.001909	0.218698	0.194009	0.257239	0.169319	0.211472	0.222312
0.665000	0.234958	0.001909	0.217494	0.192202	0.256637	0.168716	0.210870	0.221107
0.670000	0.234355	0.001909	0.217494	0.192804	0.256637	0.169319	0.210870	0.221107
0.675000	0.235560	0.001909	0.218698	0.193406	0.257841	0.169319	0.211472	0.222312
0.680000	0.235560	0.001909	0.218096	0.192804	0.256637	0.169319	0.210870	0.221107
0.685000	0.233753	0.001909	0.216892	0.191600	0.256637	0.168114	0.212074	0.221709
0.690000	0.235560	0.001909	0.219301	0.192804	0.257841	0.169319	0.211472	0.221709
0.695000	0.234958	0.001909	0.218698	0.192804	0.257239	0.169319	0.210870	0.221107
0.700000	0.234355	0.001909	0.217494	0.192202	0.257239	0.168716	0.210870	0.221709
0.705000	0.234355	0.002511	0.217494	0.192804	0.256637	0.169319	0.210870	0.221709
0.710000	0.235560	0.001909	0.219301	0.193406	0.257841	0.169319	0.211472	0.221709
0.715000	0.234958	0.001909	0.217494	0.192804	0.256637	0.168716	0.210870	0.221107
0.720000	0.233753	0.001909	0.216892	0.192804	0.256637	0.168716	0.210870	0.221709
0.725000	0.235560	0.001909	0.218698	0.193406	0.257841	0.169319	0.211472	0.221709
0.730000	0.234958	0.001909	0.218096	0.192804	0.257239	0.168114	0.210870	0.221107
0.735000	0.234355	0.001909	0.216892	0.192202	0.257239	0.168716	0.211472	0.221107
0.740000	0.234958	0.001909	0.218096	0.193406	0.257841	0.169921	0.210870	0.221709
0.745000	0.234958	0.001909	0.218698	0.193406	0.257239	0.168716	0.211472	0.221709
0.750000	0.234355	0.002511	0.216892	0.192202	0.256637	0.168114	0.211472	0.221107
0.755000	0.234958	0.001909	0.218096	0.192804	0.257239	0.169319	0.210870	0.221709
0.760000	0.235560	0.001909	0.218698	0.193406	0.257239	0.168716	0.211472	0.221709
0.765000	0.234958	0.001909	0.217494	0.192804	0.256637	0.168716	0.210870	0.221709
0.770000	0.234355	0.001909	0.217494	0.192202	0.256637	0.168114	0.211472	0.221709
0.775000	0.234958	0.001909	0.218698	0.193406	0.257841	0.169319	0.211472	0.221107
0.780000	0.234958	0.001909	0.218096	0.193406	0.257841	0.168716	0.211472	0.221107
0.785000	0.234355	0.001909	0.216892	0.191600	0.256637	0.168716	0.210870	0.221107
0.790000	0.235560	0.001909	0.219301	0.193406	0.258443	0.169319	0.212074	0.222312
0.795000	0.235560	0.001909	0.218096	0.193406	0.257239	0.169319	0.211472	0.221709
0.800000	0.234958	0.001909	0.218096	0.192202	0.257239	0.168716	0.210870	0.221709
0.805000	0.234958	0.001909	0.218096	0.192804	0.257239	0.168716	0.210870	0.221709
0.810000	0.235560	0.001909	0.219301	0.193406	0.258443	0.169319	0.212074	0.222312
0.815000	0.234958	0.001909	0.217494	0.192202	0.256637	0.168114	0.210268	0.221107
0.820000	0.234355	0.001909	0.218096	0.192804	0.257239	0.168716	0.211472	0.222312
0.825000	0.236162	0.001909	0.219301	0.194009	0.257841	0.169319	0.211472	0.222312
0.830000	0.235560	0.001909	0.218096	0.192804	0.257239	0.168716	0.211472	0.221709
0.835000	0.234958	0.001909	0.217494	0.192804	0.257239	0.168716	0.210870	0.221709
0.840000	0.234958	0.001909	0.218698	0.193406	0.258443	0.169319	0.211472	0.221709
0.845000	0.235560	0.001909	0.218698	0.193406	0.257841	0.169319	0.211472	0.221709
0.850000	0.234355	0.001909	0.216892	0.191600	0.256637	0.168716	0.211472	0.221107
0.855000	0.234958	0.001909	0.218096	0.193406	0.257239	0.169319	0.211472	0.221709
0.860000	0.236162	0.001909	0.219301	0.193406	0.257239	0.168716	0.212074	0.221709
0.865000	0.235560	0.001909	0.218096	0.192804	0.257239	0.168716	0.210870	0.221709
0.870000	0.234355	0.001909	0.218096	0.192804	0.257239	0.169319	0.210870	0.221709
0.875000	0.235560	0.001909	0.218698	0.194009	0.257841	0.169319	0.211472	0.222312
0.880000	0.235560	0.001909	0.218096	0.193406	0.257239	0.169319	0.211472	0.221107
0.885000	0.233753	0.001909	0.216892	0.191600	0.256637	0.168716	0.212074	0.221107
0.890000	0.235560	0.001909	0.219301	0.192804	0.258443	0.169921	0.212074	0.221709
0.895000	0.235560	0.001909	0.218698	0.193406	0.257841	0.168716	0.210870	0.221709
0.900000	0.234958	0.001909	0.217494	0.192202	0.257239	0.168716	0.210870	0.221709
0.905000	0.234958	0.001909	0.218698	0.192804	0.257239	0.168716	0.211472	0.222312
0.910000	0.236764	0.001909	0.219301	0.194009	0.258443	0.169319	0.211472	0.222312
0.915000	0.235560	0.002511	0.217494	0.192202	0.256637	0.168114	0.210870	0.221107
0.920000	0.234958	0.001909	0.218096	0.192202	0.259045	0.169319	0.212074	0.222312
0.925000	0.234958	0.001909	0.218698	0.193406	0.257841	0.169319	0.211472	0.221709
0.930000	0.235560	0.001909	0.218096	0.192804	0.257239	0.169319	0.211472	0.221709
0.935000	0.234355	0.001909	0.217494	0.192202	0.256637	0.168716	0.210870	0.221709
0.940000	0.234958	0.001909	0.219301	0.193406	0.257841	0.169319	0.211472	0.221709
0.945000	0.235560	0.001909	0.218096	0.192804	0.257239	0.168716	0.212074	0.221107
0.950000	0.234355	0.001909	0.217494	0.192202	0.256637	0.168114	0.210870	0.221107
0.955000	0.234958	0.001909	0.218096	0.192804	0.257239	0.169319	0.211472	0.221709
0.960000	0.234958	0.001909	0.218698	0.193406	0.257239	0.169319	0.211472	0.221709
0.965000	0.234958	0.001909	0.217494	0.192202	0.256637	0.168716	0.210870	0.221107
0.970000	0.233753	0.001909	0.217494	0.192804	0.256637	0.168716	0.210870	0.221709
0.975000	0.235560	0.001909	0.218698	0.193406	0.257239	0.169319	0.210870	0.221107
0.980000	0.234958	0.001909	0.218096	0.192804	0.257239	0.168716	0.210268	0.221709
0.985000	0.234355	0.001909	0.216892	0.191600	0.256637	0.168114	0.211472	0.221107
0.990000	0.235560	0.001909	0.218698	0.194009	0.257841	0.169319	0.211472	0.222312
0.995000	0.234958	0.001909	0.218698	0.193406	0.257239	0.169319	0.210870	0.221709
1.000000	0.257841	0.001909	0.219301	0.194611	0.251217	0.165103	0.192202	0.200030
1.005000	0.198826	0.001909	0.188589	0.175341	0.217494	0.162694	0.186782	0.195213
1.010000	0.198826	0.001909	0.189793	0.175341	0.216892	0.162694	0.186180	0.194611
1.015000	0.198224	0.001909	0.189191	0.174136	0.216892	0.162092	0.186180	0.194611
1.020000	0.197622	0.001909	0.188589	0.174738	0.216290	0.161490	0.185578	0.194611
1.025000	0.197622	0.001909	0.187987	0.174136	0.216290	0.162092	0.186180	0.194009
1.030000	0.197622	0.001909	0.189191	0.174738	0.216892	0.162092	0.186180	0.195213
1.035000	0.198224	0.001909	0.189191	0.174738	0.216892	0.162694	0.186782	0.195213
1.040000	0.198224	0.001909	0.189191	0.174738	0.216290	0.162092	0.186180	0.194611
1.045000	0.197622	0.001909	0.188589	0.174136	0.216290	0.162092	0.185578	0.194009
1.050000	0.197019	0.001909	0.187987	0.174136	0.216290	0.161490	0.186180	0.194611
1.055000	0.197622	0.001909	0.188589	0.174136	0.216290	0.162694	0.186180	0.194611
1.060000	0.198224	0.002511	0.189793	0.175341	0.216892	0.162092	0.186180	0.194611
1.065000	0.198224	0.002511	0.189191	0.174738	0.216290	0.162092	0.185578	0.194009
1.070000	0.197622	0.001909	0.189191	0.174738	0.216290	0.162092	0.186180	0.194611
1.075000	0.197622	0.001909	0.187987	0.173534	0.215687	0.161490	0.185578	0.193406
1.080000	0.197622	0.001909	0.188589	0.173534	0.216290	0.161490	0.185578	0.194009
1.085000	0.197019	0.001909	0.189191	0.174136	0.216290	0.162092	0.186180	0.194611
1.090000	0.198224	0.001909	0.189191	0.174738	0.217494	0.162092	0.186180	0.194611
1.095000	0.198224	0.001909	0.189191	0.174738	0.216892	0.162092	0.186180	0.194611
1.100000	0.198224	0.001909	0.189191	0.174738	0.216290	0.162092	0.186180	0.194009
1.105000	0.197622	0.001909	0.187987	0.173534	0.215687	0.161490	0.186180	0.194611
1.110000	0.197019	0.001909	0.188589	0.174136	0.215687	0.162092	0.185578	0.194009
1.115000	0.197019	0.001909	0.187987	0.174738	0.215687	0.162694	0.186180	0.194611
1.120000	0.197622	0.001909	0.188589	0.174738	0.216290	0.162092	0.185578	0.194009
1.125000	0.198224	0.001909	0.189191	0.174738	0.216290	0.162092	0.186180	0.194009
1.130000	0.197622	0.001909	0.188589	0.174136	0.215687	0.161490	0.185578	0.194009
1.135000	0.197019	0.001909	0.188589	0.174136	0.215687	0.161490	0.186180	0.194611
1.140000	0.197019	0.001909	0.187987	0.173534	0.215687	0.161490	0.185578	0.194009
1.145000	0.197622	0.001909	0.188589	0.174136	0.216892	0.162694	0.185578	0.194611
1.150000	0.198224	0.001909	0.189191	0.174738	0.216290	0.162694	0.186180	0.194611
1.155000	0.197622	0.001909	0.189191	0.174136	0.216290	0.162092	0.186180	0.194009
1.160000	0.198224	0.001909	0.188589	0.174136	0.215687	0.162092	0.185578	0.194009
1.165000	0.197019	0.001909	0.187987	0.173534	0.215687	0.161490	0.185578	0.194009
1.170000	0.197622	0.001909	0.187987	0.174136	0.216290	0.162092	0.185578	0.194611
1.175000	0.197622	0.001909	0.188589	0.175341	0.216892	0.162092	0.185578	0.194611
1.180000	0.197622	0.001909	0.189191	0.174738	0.216892	0.162694	0.186180	0.194611
1.185000	0.198224	0.001909	0.189191	0.174738	0.216290	0.162694	0.186180	0.194611
1.190000	0.197622	0.001909	0.188589	0.174136	0.215687	0.162092	0.185578	0.194009
1.195000	0.197019	0.001909	0.187987	0.173534	0.215687	0.160888	0.185578	0.194009
1.200000	0.197622	0.001909	0.188589	0.174136	0.216290	0.162092	0.186180	0.194611
1.205000	0.197622	0.001909	0.188589	0.174738	0.216892	0.162694	0.186180	0.194611
1.210000	0.197622	0.001909	0.189191	0.174738	0.215687	0.162092	0.185578	0.194611
1.215000	0.198224	0.001909	0.188589	0.174136	0.216290	0.162092	0.185578	0.194009
1.220000	0.197622	0.001909	0.187987	0.173534	0.216290	0.161490	0.185578	0.194009
1.225000	0.197019	0.001909	0.187987	0.174136	0.215687	0.161490	0.185578	0.194009
1.230000	0.197622	0.001909	0.188589	0.174738	0.216892	0.162694	0.186180	0.194611
1.235000	0.198224	0.001909	0.189191	0.175341	0.216892	0.162092	0.186180	0.194611
1.240000	0.198224	0.001909	0.189191	0.174738	0.216892	0.162092	0.186180	0.194611
1.245000	0.198224	0.001909	0.189191	0.174136	0.216892	0.162092	0.186180	0.194009
1.250000	0.197622	0.002511	0.188589	0.174136	0.216290	0.161490	0.185578	0.194009
1.255000	0.197622	0.001909	0.188589	0.174136	0.216290	0.161490	0.185578	0.194611
1.260000	0.198224	0.001909	0.189191	0.174738	0.216290	0.162092	0.186180	0.194611
1.265000	0.198224	0.001909	0.189793	0.175341	0.216892	0.162694	0.186180	0.194611
1.270000	0.198224	0.001909	0.189191	0.174738	0.216892	0.162694	0.186180	0.194009
1.275000	0.197019	0.002511	0.188589	0.174136	0.215687	0.161490	0.185578	0.194009
1.280000	0.196417	0.001909	0.187987	0.174136	0.215687	0.161490	0.185578	0.194611
1.285000	0.197019	0.001909	0.187987	0.174136	0.215687	0.161490	0.185578	0.194611
1.290000	0.197622	0.001909	0.189191	0.174738	0.216892	0.162694	0.185578	0.194611
1.295000	0.197622	0.001909	0.189191	0.174738	0.216290	0.162092	0.186180	0.194009
1.300000	0.197622	0.001909	0.189191	0.174738	0.216290	0.162092	0.186180	0.194611
1.305000	0.197622	0.001909	0.188589	0.174136	0.216290	0.162694	0.186180	0.194611
1.310000	0.197622	0.001909	0.188589	0.173534	0.215687	0.162092	0.184976	0.194611
1.315000	0.197019	0.001909	0.188589	0.174136	0.216290	0.162092	0.186180	0.194611
1.320000	0.198224	0.001909	0.188589	0.174738	0.216892	0.162092	0.186180	0.194611
1.325000	0.198224	0.001909	0.189191	0.174738	0.216290	0.162092	0.186180	0.194611
1.330000	0.197622	0.001909	0.188589	0.175341	0.216290	0.162092	0.186180	0.194611
1.335000	0.198224	0.001909	0.188589	0.174136	0.215687	0.161490	0.185578	0.194009
1.340000	0.197019	0.001909	0.187987	0.173534	0.215687	0.161490	0.185578	0.194009
1.345000	0.197019	0.001909	0.188589	0.174136	0.216290	0.161490	0.185578	0.194611
1.350000	0.197622	0.001909	0.189191	0.174738	0.215687	0.162092	0.185578	0.194009
1.355000	0.198224	0.001909	0.189191	0.174738	0.216290	0.162092	0.186180	0.194611
1.360000	0.198224	0.001909	0.189191	0.174136	0.215687	0.162092	0.185578	0.194611
1.365000	0.197622	0.001909	0.188589	0.174136	0.215687	0.162092	0.185578	0.194009
1.370000	0.197019	0.001909	0.187987	0.174136	0.216290	0.161490	0.185578	0.194009
1.375000	0.197019	0.001909	0.188589	0.174136	0.215687	0.161490	0.185578	0.194611
1.380000	0.197622	0.001909	0.189191	0.174738	0.216290	0.162694	0.186180	0.194009
1.385000	0.198224	0.001909	0.189191	0.174738	0.216290	0.162694	0.186180	0.194611
1.390000	0.197622	0.001909	0.189191	0.174136	0.216290	0.162092	0.186180	0.194611
1.395000	0.197019	0.001909	0.187987	0.173534	0.215687	0.160888	0.185578	0.194009
1.400000	0.197019	0.001909	0.187987	0.174136	0.215687	0.161490	0.185578	0.194009
1.405000	0.198224	0.001909	0.189191	0.175341	0.216892	0.162092	0.186180	0.194611
1.410000	0.197622	0.001909	0.189191	0.174738	0.216290	0.162694	0.186180	0.194611
1.415000	0.198224	0.001909	0.189793	0.174738	0.216892	0.162694	0.186180	0.194611
1.420000	0.198224	0.001909	0.189191	0.174738	0.216892	0.162092	0.185578	0.194611
1.425000	0.197019	0.001909	0.187987	0.173534	0.215687	0.162092	0.185578	0.194009
1.430000	0.197622	0.001909	0.188589	0.174136	0.215687	0.162092	0.186180	0.194009
1.435000	0.197622	0.001909	0.188589	0.174136	0.216892	0.162092	0.186180	0.194611
1.440000	0.198224	0.001909	0.189191	0.175341	0.216892	0.162694	0.186180	0.194611
1.445000	0.198224	0.001909	0.189191	0.174738	0.216892	0.162694	0.185578	0.194611
1.450000	0.198224	0.001909	0.188589	0.174136	0.215687	0.161490	0.185578	0.194611
1.455000	0.197019	0.001909	0.187987	0.173534	0.215687	0.162092	0.185578	0.194009
1.460000	0.197622	0.001909	0.189191	0.174136	0.216290	0.162092	0.186180	0.194611
1.465000	0.198224	0.001909	0.189191	0.175341	0.216892	0.162092	0.186180	0.194611
1.470000	0.198224	0.001909	0.189191	0.174738	0.216892	0.162694	0.186782	0.194611
1.475000	0.198224	0.001909	0.189191	0.174738	0.216290	0.162092	0.186180	0.194611
1.480000	0.197019	0.001909	0.188589	0.174738	0.215687	0.162092	0.185578	0.194611
1.485000	0.197622	0.001909	0.188589	0.174136	0.216290	0.162092	0.186180	0.194009
1.490000	0.197622	0.001909	0.188589	0.174738	0.216290	0.162092	0.185578	0.194611
1.495000	0.198224	0.001909	0.189191	0.175341	0.216892	0.162694	0.186180	0.195213
1.500000	0.198224	0.001909	0.189793	0.174738	0.216892	0.162092	0.185578	0.194611
1.505000	0.198224	0.001909	0.189191	0.174738	0.216290	0.162092	0.186180	0.194611
1.510000	0.197019	0.001909	0.187987	0.174136	0.216290	0.161490	0.185578	0.194009
1.515000	0.197019	0.001909	0.187987	0.173534	0.215687	0.161490	0.185578	0.194009
1.520000	0.197622	0.001909	0.189191	0.174738	0.216290	0.162092	0.186180	0.194611
1.525000	0.198224	0.001909	0.189191	0.175341	0.216290	0.162694	0.186180	0.194611
1.530000	0.198224	0.001909	0.189191	0.174738	0.216290	0.162092	0.186180	0.194611
1.535000	0.197622	0.001909	0.188589	0.174738	0.215687	0.162092	0.185578	0.194009
1.540000	0.197622	0.001909	0.188589	0.174136	0.216290	0.161490	0.185578	0.194009
1.545000	0.197019	0.001909	0.187987	0.174136	0.216290	0.161490	0.184976	0.194009
1.550000	0.197622	0.001909	0.189191	0.174738	0.216290	0.162092	0.185578	0.194611
1.555000	0.197622	0.001909	0.189191	0.174738	0.216290	0.162694	0.186180	0.194611
1.560000	0.197622	0.001909	0.188589	0.174136	0.216290	0.162694	0.186180	0.194009
1.565000	0.197622	0.001909	0.188589	0.174136	0.215687	0.160888	0.184976	0.194009
1.570000	0.196417	0.001909	0.187987	0.173534	0.215687	0.161490	0.185578	0.193406
1.575000	0.197019	0.001909	0.188589	0.174136	0.216290	0.162092	0.186180	0.195213
1.580000	0.197622	0.001909	0.189191	0.175341	0.216290	0.162092	0.185578	0.194611
1.585000	0.198224	0.001909	0.188589	0.174738	0.216290	0.162694	0.186180	0.194611
1.590000	0.197622	0.001909	0.188589	0.174738	0.216290	0.162092	0.186180	0.194611
1.595000	0.197622	0.001909	0.188589	0.173534	0.216290	0.161490	0.185578	0.194009
1.600000	0.197019	0.001909	0.187987	0.173534	0.215687	0.162092	0.185578	0.194009
1.605000	0.197019	0.001909	0.188589	0.174136	0.216290	0.161490	0.186180	0.194611
1.610000	0.197622	0.001909	0.189191	0.174738	0.216290	0.162092	0.186180	0.194611
1.615000	0.198224	0.001909	0.189793	0.174738	0.216290	0.162694	0.186180	0.194611
1.620000	0.198224	0.001909	0.189191	0.174738	0.216290	0.162092	0.186180	0.194611
1.625000	0.197019	0.001909	0.187987	0.173534	0.215687	0.161490	0.185578	0.194009
1.630000	0.197019	0.001909	0.188589	0.173534	0.215085	0.161490	0.185578	0.194009
1.635000	0.197622	0.001909	0.188589	0.174136	0.216290	0.162092	0.185578	0.194611
1.640000	0.198224	0.001909	0.189191	0.174738	0.216290	0.162694	0.186180	0.194611
1.645000	0.197622	0.001909	0.189191	0.174738	0.216892	0.162694	0.185578	0.194009
1.650000	0.197622	0.001909	0.189191	0.174136	0.215687	0.161490	0.185578	0.194009
1.655000	0.197019	0.001909	0.188589	0.173534	0.215687	0.162092	0.185578	0.194009
1.660000	0.197019	0.001909	0.188589	0.174136	0.215687	0.162092	0.185578	0.194009
1.665000	0.197622	0.002511	0.189191	0.174136	0.215687	0.162092	0.186180	0.194611
1.670000	0.197622	0.001909	0.189191	0.175341	0.216892	0.162694	0.186180	0.194611
1.675000	0.197622	0.001909	0.188589	0.174738	0.216290	0.162092	0.186180	0.194611
1.680000	0.197622	0.001909	0.188589	0.174136	0.216290	0.162092	0.185578	0.194009
1.685000	0.197019	0.001909	0.187987	0.173534	0.215687	0.162092	0.185578	0.193406
1.690000	0.197019	0.001909	0.187987	0.174738	0.216290	0.162092	0.185578	0.194009
1.695000	0.198224	0.001909	0.187987	0.174738	0.216290	0.162092	0.185578	0.194009
1.700000	0.197622	0.001909	0.189793	0.174738	0.216892	0.162694	0.186180	0.194611
1.705000	0.197622	0.001909	0.188589	0.174136	0.216290	0.162092	0.185578	0.194611
1.710000	0.197019	0.001909	0.187987	0.174136	0.215085	0.162092	0.185578	0.194009
1.715000	0.197019	0.001909	0.187987	0.173534	0.215687	0.161490	0.185578	0.194009
1.720000	0.197019	0.001909	0.187987	0.174136	0.216290	0.162092	0.185578	0.194611
1.725000	0.197622	0.001909	0.189191	0.174738	0.216290	0.162694	0.186180	0.194611
1.730000	0.197622	0.002511	0.189793	0.174738	0.216290	0.162694	0.186180	0.194611
1.735000	0.197622	0.002511	0.188589	0.174136	0.216290	0.162092	0.186180	0.194009
1.740000	0.197622	0.001909	0.187987	0.173534	0.216290	0.161490	0.185578	0.194009
1.745000	0.196417	0.001909	0.187987	0.174136	0.216290	0.161490	0.185578	0.194009
1.750000	0.197019	0.001909	0.188589	0.174136	0.216290	0.162092	0.186180	0.194611
1.755000	0.198224	0.001909	0.189191	0.174738	0.216290	0.162092	0.186180	0.194611
1.760000	0.198224	0.001909	0.188589	0.174738	0.216290	0.162092	0.185578	0.194611
1.765000	0.197622	0.001909	0.188589	0.174738	0.216290	0.162092	0.185578	0.194009
1.770000	0.197019	0.001909	0.187987	0.174136	0.216290	0.161490	0.186180	0.194611
1.775000	0.197019	0.001909	0.187987	0.174136	0.216290	0.161490	0.185578	0.194009
1.780000	0.197622	0.001909	0.188589	0.174136	0.216290	0.162694	0.185578	0.194611
1.785000	0.197622	0.001909	0.189191	0.175341	0.216290	0.162092	0.185578	0.194009
1.790000	0.197622	0.001909	0.188589	0.174738	0.216290	0.162092	0.186180	0.193406
1.795000	0.197622	0.001909	0.189191	0.174136	0.216290	0.162092	0.185578	0.193406
1.800000	0.196417	0.001909	0.187384	0.173534	0.215085	0.160888	0.185578	0.194009
1.805000	0.196417	0.001909	0.188589	0.174136	0.216290	0.161490	0.186180	0.194009
1.810000	0.197622	0.001909	0.189191	0.174738	0.216892	0.162694	0.186180	0.194611
1.815000	0.197622	0.001909	0.188589	0.174738	0.216290	0.162694	0.186180	0.194009
1.820000	0.197622	0.001909	0.189191	0.174738	0.216290	0.162092	0.185578	0.194009
1.825000	0.197622	0.001909	0.188589	0.174136	0.216290	0.161490	0.185578	0.194009
1.830000	0.197622	0.001909	0.188589	0.174136	0.215687	0.162092	0.185578	0.194009
1.835000	0.197019	0.001909	0.188589	0.174136	0.216290	0.162092	0.185578	0.194009
1.840000	0.197622	0.001909	0.189191	0.174136	0.216892	0.162092	0.185578	0.194611
1.845000	0.197622	0.001909	0.189191	0.174738	0.216290	0.162092	0.185578	0.194611
1.850000	0.197622	0.001909	0.188589	0.174136	0.216290	0.162694	0.185578	0.194009
1.855000	0.197019	0.001909	0.188589	0.174136	0.215687	0.162092	0.185578	0.194009
1.860000	0.197622	0.001909	0.187987	0.173534	0.215687	0.162092	0.185578	0.194009
1.865000	0.197019	0.001909	0.188589	0.174136	0.216290	0.162694	0.185578	0.194611
1.870000	0.198224	0.001909	0.188589	0.174738	0.215687	0.162092	0.185578	0.194009
1.875000	0.198224	0.001909	0.189191	0.174738	0.216290	0.161490	0.186180	0.194611
1.880000	0.198224	0.001909	0.188589	0.174136	0.216290	0.162092	0.185578	0.194611
1.885000	0.197019	0.001909	0.187987	0.174136	0.216290	0.161490	0.185578	0.194611
1.890000	0.197622	0.001909	0.187987	0.173534	0.215687	0.162092	0.185578	0.194009
1.895000	0.197622	0.001909	0.189191	0.174136	0.216290	0.161490	0.186180	0.194611
1.900000	0.197622	0.001909	0.189191	0.175341	0.216892	0.162092	0.185578	0.194611
1.905000	0.197622	0.001909	0.189793	0.175341	0.216290	0.162092	0.185578	0.194611
1.910000	0.197622	0.002511	0.188589	0.174738	0.216290	0.162092	0.186180	0.194009
1.915000	0.197019	0.001909	0.187987	0.173534	0.215687	0.161490	0.185578	0.194009
1.920000	0.197019	0.001909	0.187987	0.173534	0.215687	0.161490	0.185578	0.194009
1.925000	0.197622	0.001909	0.189191	0.175341	0.216892	0.162694	0.185578	0.194611
1.930000	0.197622	0.001909	0.188589	0.174738	0.216290	0.162694	0.185578	0.194611
1.935000	0.198224	0.001909	0.189191	0.175341	0.216892	0.162092	0.186180	0.194611
1.940000	0.197622	0.001909	0.188589	0.174738	0.216290	0.162092	0.185578	0.194009
1.945000	0.197019	0.001909	0.187987	0.174136	0.215085	0.161490	0.186180	0.194009
1.950000	0.197019	0.001909	0.187987	0.174136	0.215687	0.161490	0.186180	0.194009
1.955000	0.197622	0.001909	0.189191	0.174136	0.216290	0.162092	0.185578	0.194611
1.960000	0.198224	0.001909	0.189191	0.174738	0.216290	0.162694	0.185578	0.194009
1.965000	0.197622	0.001909	0.188589	0.174738	0.215687	0.162092	0.185578	0.194009
1.970000	0.197622	0.001909	0.188589	0.174136	0.215687	0.161490	0.185578	0.194009
1.975000	0.197019	0.001909	0.187987	0.173534	0.215085	0.161490	0.185578	0.194611
1.980000	0.197019	0.001909	0.188589	0.174136	0.216290	0.162092	0.186180	0.194611
1.985000	0.198224	0.001909	0.189191	0.175341	0.216892	0.162694	0.186180	0.194009
1.990000	0.197622	0.001909	0.188589	0.174136	0.215687	0.162092	0.185578	0.194611
1.995000	0.197622	0.001909	0.189191	0.174136	0.215687	0.162092	0.185578	0.194611
2.000000	0.212677	0.001909	0.208461	0.188589	0.239775	0.163297	0.186782	0.197622
2.005000	0.198826	0.001909	0.189191	0.175341	0.218096	0.162092	0.186180	0.195213
2.010000	0.198224	0.001909	0.189191	0.174738	0.216290	0.162092	0.186180	0.194611
2.015000	0.198224	0.001909	0.189191	0.174136	0.216290	0.161490	0.185578	0.194009
2.020000	0.197019	0.001909	0.187987	0.174136	0.215687	0.161490	0.186180	0.194611
2.025000	0.197622	0.002511	0.188589	0.173534	0.216290	0.162092	0.186180	0.194611
2.030000	0.197622	0.001909	0.189191	0.175341	0.216892	0.162092	0.186180	0.194009
2.035000	0.198224	0.001909	0.189793	0.174738	0.216892	0.162092	0.186782	0.194611
2.040000	0.198224	0.001909	0.189191	0.175341	0.216892	0.162092	0.186180	0.194611
2.045000	0.198224	0.001909	0.188589	0.174136	0.216290	0.161490	0.185578	0.194009
2.050000	0.197622	0.001909	0.187987	0.173534	0.215687	0.161490	0.185578	0.194611
2.055000	0.197622	0.001909	0.189191	0.174738	0.216892	0.162694	0.186180	0.194611
2.060000	0.198224	0.001909	0.189191	0.174738	0.216892	0.162694	0.186180	0.195213
2.065000	0.237969	2.466083	0.238571	0.176545	0.221709	0.162694	0.186180	0.194611
2.070000	0.201837	2.466083	0.234355	0.174738	0.222312	0.162092	0.185578	0.194611
2.075000	0.199428	2.466083	0.233753	0.174738	0.221709	0.161490	0.184976	0.193406
2.080000	0.198224	2.466083	0.233753	0.174136	0.221107	0.162092	0.185578	0.193406
2.085000	0.160888	0.001909	0.184976	0.172932	0.216290	0.162694	0.185578	0.194009
2.090000	0.197622	0.001909	0.189191	0.174136	0.216290	0.162092	0.185578	0.194611
2.095000	0.198224	0.001909	0.189191	0.174738	0.216290	0.162694	0.185578	0.194611
2.100000	0.197622	0.001909	0.188589	0.174136	0.215687	0.162092	0.186180	0.194009
2.105000	0.197019	0.001909	0.187987	0.174136	0.216290	0.161490	0.185578	0.194009
2.110000	0.197019	0.002511	0.188589	0.174136	0.216290	0.161490	0.186782	0.194009
2.115000	0.197019	0.001909	0.189191	0.174136	0.216290	0.162092	0.185578	0.194009
2.120000	0.198224	0.001909	0.189191	0.174738	0.216290	0.162092	0.186180	0.194009
2.125000	0.197622	0.001909	0.189191	0.174738	0.216892	0.162092	0.186180	0.194611
2.130000	0.198224	0.001909	0.189191	0.174136	0.216290	0.161490	0.185578	0.194009
2.135000	0.197019	0.001909	0.187987	0.173534	0.215085	0.161490	0.185578	0.194009
2.140000	0.197622	0.001909	0.187987	0.174136	0.215687	0.162092	0.186180	0.194009
2.145000	0.198224	0.001909	0.188589	0.174136	0.216290	0.162694	0.185578	0.194611
2.150000	0.197622	0.002511	0.189191	0.176545	0.222312	0.162092	0.186180	0.194009
2.155000	0.234958	2.466083	0.236764	0.175341	0.222312	0.161490	0.185578	0.194009
2.160000	0.199428	2.466083	0.233753	0.175341	0.221709	0.162092	0.185578	0.194009
2.165000	0.198826	2.466083	0.233753	0.174738	0.221709	0.161490	0.186180	0.194009
2.170000	0.157877	0.001909	0.184976	0.173534	0.216290	0.161490	0.185578	0.194611
2.175000	0.196417	0.001909	0.188589	0.174738	0.216290	0.162694	0.185578	0.194611
2.180000	0.198224	0.001909	0.189191	0.174738	0.216892	0.162694	0.186180	0.194611
2.185000	0.197019	0.001909	0.189191	0.174136	0.216290	0.162092	0.185578	0.194009
2.190000	0.197622	0.001909	0.188589	0.174136	0.215687	0.162092	0.184976	0.194009
2.195000	0.196417	0.001909	0.187987	0.173534	0.215687	0.162092	0.185578	0.194009
2.200000	0.197622	0.001909	0.188589	0.174136	0.216892	0.162092	0.186180	0.194611
2.205000	0.197622	0.001909	0.188589	0.174738	0.216290	0.162092	0.186180	0.194009
2.210000	0.197622	0.001909	0.189191	0.174738	0.216290	0.162092	0.185578	0.194611
2.215000	0.197622	0.001909	0.188589	0.174738	0.216290	0.162092	0.185578	0.194611
2.220000	0.197622	0.001909	0.187987	0.174136	0.216290	0.162092	0.186180	0.194009
2.225000	0.197622	0.001909	0.187987	0.174136	0.216290	0.161490	0.185578	0.194009
2.230000	0.197622	0.001909	0.188589	0.174136	0.216290	0.162092	0.185578	0.194611
2.235000	0.198224	0.001909	0.189191	0.174738	0.216290	0.162092	0.186180	0.194611
2.240000	0.237969	2.466083	0.238571	0.176545	0.221709	0.162092	0.186180	0.194611
2.245000	0.199428	2.466083	0.233753	0.175943	0.221709	0.162092	0.185578	0.194009
2.250000	0.198826	2.466083	0.233151	0.174136	0.221709	0.161490	0.185578	0.194009
2.255000	0.199428	2.466083	0.229538	0.172932	0.215687	0.162092	0.185578	0.194611
2.260000	0.169319	0.001909	0.188589	0.174738	0.216892	0.162694	0.185578	0.194009
2.265000	0.196417	0.001909	0.189191	0.175341	0.216290	0.162092	0.186180	0.194611
2.270000	0.197622	0.001909	0.189191	0.175341	0.215687	0.162092	0.185578	0.194009
2.275000	0.197622	0.001909	0.188589	0.174136	0.216290	0.162092	0.185578	0.194009
2.280000	0.197019	0.001909	0.187987	0.174136	0.215687	0.161490	0.185578	0.194009
2.285000	0.197622	0.001909	0.188589	0.174136	0.216290	0.161490	0.186180	0.194611
2.290000	0.197622	0.001909	0.188589	0.174738	0.216290	0.162092	0.186180	0.194611
2.295000	0.197622	0.001909	0.189191	0.175341	0.216892	0.162092	0.186180	0.194611
2.300000	0.197019	0.001909	0.189191	0.174738	0.215687	0.162092	0.186180	0.194009
2.305000	0.197622	0.002511	0.188589	0.174136	0.216290	0.161490	0.184976	0.194009
2.310000	0.196417	0.001909	0.187987	0.173534	0.215687	0.162092	0.185578	0.194009
2.315000	0.197019	0.001909	0.188589	0.174136	0.216290	0.162092	0.186180	0.194611
2.320000	0.197622	0.001909	0.188589	0.174738	0.216290	0.162092	0.185578	0.194611
2.325000	0.197622	0.386710	0.238571	0.177147	0.222312	0.162694	0.185578	0.194611
2.330000	0.233151	2.466083	0.234355	0.174738	0.221709	0.162092	0.185578	0.194009
2.335000	0.199428	2.466083	0.233753	0.174738	0.221709	0.162092	0.185578	0.194009
2.340000	0.198826	2.466083	0.233753	0.174738	0.222312	0.162092	0.185578	0.194611
2.345000	0.159684	0.001909	0.184976	0.172932	0.216892	0.162092	0.186180	0.194009
2.350000	0.196417	0.001909	0.189191	0.174738	0.216290	0.162694	0.185578	0.194611
2.355000	0.197622	0.001909	0.189191	0.174738	0.215687	0.162694	0.185578	0.194009
2.360000	0.197622	0.001909	0.189191	0.174136	0.215687	0.162092	0.186180	0.194009
2.365000	0.197622	0.001909	0.187987	0.173534	0.215687	0.161490	0.184976	0.193406
2.370000	0.196417	0.001909	0.187987	0.173534	0.215687	0.161490	0.185578	0.194009
2.375000	0.197622	0.001909	0.189191	0.174738	0.216892	0.162092	0.186180	0.194611
2.380000	0.198224	0.001909	0.189191	0.174738	0.216290	0.162092	0.186180	0.194611
2.385000	0.197622	0.001909	0.189191	0.174738	0.215687	0.162092	0.186180	0.194009
2.390000	0.198224	0.001909	0.189191	0.174136	0.216290	0.162092	0.186180	0.194009
2.395000	0.197622	0.001909	0.188589	0.174136	0.215687	0.161490	0.185578	0.194009
2.400000	0.197019	0.001909	0.187987	0.173534	0.215687	0.161490	0.184976	0.194009
2.405000	0.197622	0.001909	0.189191	0.174136	0.216290	0.162694	0.186180	0.194611
2.410000	0.197622	0.001909	0.189191	0.174738	0.216290	0.162092	0.185578	0.194009
2.415000	0.236162	2.466083	0.237969	0.175943	0.222312	0.162092	0.185578	0.194009
2.420000	0.199428	2.466083	0.234355	0.174738	0.221709	0.161490	0.186180	0.193406
2.425000	0.198224	2.466083	0.233753	0.174738	0.221709	0.161490	0.186180	0.194009
2.430000	0.174738	0.001909	0.184976	0.172932	0.216290	0.162092	0.186180	0.195213
2.435000	0.189793	0.001909	0.188589	0.174738	0.216290	0.162092	0.185578	0.194611
2.440000	0.197622	0.001909	0.189191	0.174738	0.216892	0.162092	0.186180	0.194611
2.445000	0.198224	0.002511	0.189191	0.175341	0.216892	0.161490	0.186180	0.194009
2.450000	0.197622	0.001909	0.188589	0.174136	0.215687	0.162092	0.186180	0.194611
2.455000	0.197019	0.001909	0.187987	0.173534	0.215687	0.161490	0.185578	0.194009
2.460000	0.197622	0.001909	0.188589	0.174136	0.216290	0.162092	0.185578	0.194009
2.465000	0.198224	0.001909	0.189191	0.174738	0.216290	0.162092	0.186180	0.194009
2.470000	0.198224	0.001909	0.189191	0.174738	0.216892	0.162694	0.185578	0.194611
2.475000	0.198224	0.001909	0.189191	0.174738	0.216892	0.162092	0.186180	0.194009
2.480000	0.197622	0.001909	0.187987	0.173534	0.215687	0.161490	0.185578	0.193406
2.485000	0.197019	0.001909	0.188589	0.174136	0.216290	0.162092	0.186180	0.194009
2.490000	0.197622	0.001909	0.188589	0.174738	0.216892	0.162092	0.186180	0.194611
2.495000	0.198224	0.001909	0.189191	0.174738	0.216892	0.162092	0.186180	0.194611
2.500000	0.238571	2.466083	0.238571	0.177147	0.222312	0.162092	0.186180	0.194611
2.505000	0.200030	2.466083	0.233753	0.175341	0.221709	0.161490	0.185578	0.194009
2.510000	0.198826	2.466083	0.234355	0.174738	0.221709	0.162092	0.185578	0.194009
2.515000	0.198826	2.466083	0.233753	0.172330	0.215085	0.161490	0.186180	0.194009
2.520000	0.163297	0.001909	0.185578	0.174738	0.216892	0.162092	0.186180	0.194611
2.525000	0.197019	0.001909	0.189191	0.174738	0.216892	0.162694	0.186180	0.194611
2.530000	0.197622	0.001909	0.189191	0.175341	0.216290	0.162092	0.186180	0.194611
2.535000	0.197622	0.001909	0.188589	0.174738	0.216290	0.161490	0.185578	0.194009
2.540000	0.197019	0.001909	0.187987	0.173534	0.215085	0.161490	0.185578	0.194009
2.545000	0.197019	0.001909	0.188589	0.174136	0.216892	0.162092	0.186180	0.194611
2.550000	0.197622	0.001909	0.188589	0.174136	0.216892	0.162694	0.185578	0.194611
2.555000	0.198224	0.001909	0.189191	0.174738	0.216892	0.162694	0.186180	0.194611
2.560000	0.197622	0.001909	0.189191	0.174136	0.215687	0.162092	0.185578	0.194009
2.565000	0.197622	0.001909	0.188589	0.174136	0.216290	0.161490	0.185578	0.194009
2.570000	0.197622	0.001909	0.188589	0.174136	0.215687	0.162092	0.185578	0.194009
2.575000	0.197622	0.001909	0.188589	0.174136	0.216290	0.162092	0.186180	0.194009
2.580000	0.197019	0.001909	0.188589	0.174738	0.216290	0.162092	0.185578	0.194611
2.585000	0.198224	0.001909	0.192202	0.177147	0.222312	0.162092	0.186180	0.194009
2.590000	0.234355	2.466083	0.234355	0.175341	0.222914	0.162092	0.186180	0.194611
2.595000	0.199428	2.466083	0.234355	0.174738	0.222312	0.161490	0.185578	0.194009
2.600000	0.198826	2.466083	0.233753	0.174738	0.221709	0.161490	0.185578	0.194009
2.605000	0.158479	0.001909	0.185578	0.173534	0.216290	0.162092	0.186180	0.194611
2.610000	0.197622	0.001909	0.189191	0.174738	0.216290	0.162694	0.186180	0.194611
2.615000	0.197622	0.001909	0.189191	0.174738	0.216892	0.162092	0.185578	0.194611
2.620000	0.198224	0.001909	0.189191	0.174136	0.216290	0.162092	0.184976	0.194009
2.625000	0.197019	0.001909	0.188589	0.174136	0.216290	0.162092	0.185578	0.194611
2.630000	0.197622	0.001909	0.188589	0.174136	0.216290	0.161490	0.185578	0.194009
2.635000	0.197622	0.001909	0.188589	0.174738	0.216892	0.162092	0.186180	0.194611
2.640000	0.198224	0.001909	0.189793	0.174738	0.216892	0.163297	0.186180	0.194611
2.645000	0.197622	0.002511	0.188589	0.174738	0.216892	0.162092	0.185578	0.194009
2.650000	0.197622	0.001909	0.189191	0.174136	0.216290	0.162092	0.185578	0.193406
2.655000	0.197019	0.001909	0.187987	0.173534	0.215687	0.161490	0.185578	0.193406
2.660000	0.197019	0.001909	0.188589	0.173534	0.215687	0.162092	0.185578	0.194009
2.665000	0.197019	0.001909	0.189191	0.174136	0.216290	0.162092	0.186180	0.194009
2.670000	0.197622	0.001909	0.189191	0.174738	0.216892	0.162092	0.186180	0.194009
2.675000	0.236162	2.466083	0.237969	0.176545	0.221709	0.162092	0.185578	0.194009
2.680000	0.200030	2.466083	0.234355	0.174738	0.221709	0.162092	0.185578	0.194009
2.685000	0.198826	2.466083	0.233753	0.174738	0.221709	0.162092	0.185578	0.194009
2.690000	0.198826	0.387313	0.184373	0.173534	0.215687	0.162092	0.185578	0.194009
2.695000	0.177749	0.001909	0.189191	0.174738	0.216290	0.162694	0.186180	0.195213
2.700000	0.197019	0.001909	0.189191	0.174738	0.216290	0.162092	0.186180	0.194611
2.705000	0.197622	0.001909	0.188589	0.174738	0.216290	0.162092	0.185578	0.194009
2.710000	0.197622	0.001909	0.187987	0.174136	0.215085	0.161490	0.185578	0.194009
2.715000	0.196417	0.001909	0.187987	0.173534	0.216290	0.161490	0.185578	0.194009
2.720000	0.197019	0.001909	0.187987	0.174136	0.216290	0.162092	0.185578	0.194009
2.725000	0.197622	0.001909	0.189191	0.174738	0.216290	0.162694	0.185578	0.194611
2.730000	0.198224	0.001909	0.189191	0.174738	0.216892	0.162092	0.185578	0.194611
2.735000	0.197622	0.001909	0.188589	0.174136	0.216290	0.162092	0.185578	0.194611
2.740000	0.198224	0.001909	0.187987	0.174136	0.216290	0.161490	0.184976	0.194611
2.745000	0.197622	0.001909	0.187987	0.174136	0.216290	0.162092	0.185578	0.194009
2.750000	0.197622	0.002511	0.188589	0.174136	0.216290	0.162694	0.186180	0.194009
2.755000	0.197019	0.001909	0.188589	0.174738	0.216290	0.162694	0.185578	0.194611
2.760000	0.237969	2.466083	0.238571	0.177147	0.222312	0.162092	0.185578	0.194009
2.765000	0.200030	2.466083	0.234355	0.174738	0.222312	0.162092	0.186180	0.194009
2.770000	0.198224	2.466083	0.233753	0.174738	0.221107	0.162092	0.184976	0.194009
2.775000	0.198826	2.466083	0.233753	0.174738	0.222312	0.161490	0.185578	0.194611
2.780000	0.162092	0.001909	0.184976	0.174136	0.216290	0.162092	0.185578	0.194009
2.785000	0.197019	0.001909	0.188589	0.174136	0.216290	0.162694	0.185578	0.194009
2.790000	0.197622	0.001909	0.189191	0.174738	0.216290	0.162092	0.186180	0.194009
2.795000	0.197019	0.001909	0.188589	0.174136	0.215687	0.161490	0.185578	0.193406
2.800000	0.197019	0.001909	0.187987	0.174136	0.215687	0.161490	0.186180	0.194009
2.805000	0.197622	0.001909	0.188589	0.174136	0.215687	0.162092	0.185578	0.194611
2.810000	0.197622	0.001909	0.188589	0.174136	0.215687	0.162092	0.185578	0.194611
2.815000	0.197622	0.001909	0.189191	0.174738	0.216892	0.162694	0.186180	0.194009
2.820000	0.197622	0.001909	0.189191	0.174738	0.216290	0.162092	0.186180	0.194611
2.825000	0.198224	0.001909	0.188589	0.174136	0.215687	0.160888	0.185578	0.194009
2.830000	0.196417	0.001909	0.187987	0.173534	0.215085	0.162092	0.185578	0.193406
2.835000	0.197622	0.001909	0.188589	0.174136	0.215687	0.162092	0.186180	0.194611
2.840000	0.197622	0.001909	0.189191	0.174738	0.216892	0.162092	0.186180	0.194009
2.845000	0.198224	0.001909	0.189191	0.176545	0.222312	0.162694	0.186180	0.194611
2.850000	0.235560	2.466083	0.237366	0.174738	0.222312	0.162092	0.185578	0.194009
2.855000	0.199428	2.466083	0.234355	0.174136	0.221709	0.162092	0.185578	0.194009
2.860000	0.198826	2.466083	0.233151	0.174136	0.221107	0.161490	0.186180	0.194009
2.865000	0.157877	0.001909	0.184976	0.173534	0.216290	0.162092	0.185578	0.194611
2.870000	0.197019	0.001909	0.189191	0.174738	0.216290	0.162092	0.186180	0.194611
2.875000	0.197622	0.002511	0.188589	0.174738	0.216290	0.162092	0.186180	0.194611
2.880000	0.197622	0.001909	0.188589	0.174738	0.215687	0.162092	0.185578	0.194009
2.885000	0.197019	0.002511	0.187987	0.173534	0.215687	0.161490	0.185578	0.194611
2.890000	0.197019	0.001909	0.188589	0.173534	0.216290	0.161490	0.185578	0.194009
2.895000	0.197019	0.001909	0.188589	0.174136	0.216290	0.162092	0.185578	0.194009
2.900000	0.198224	0.001909	0.189191	0.174738	0.216290	0.162694	0.186180	0.194611
2.905000	0.198224	0.001909	0.189191	0.175341	0.216290	0.162092	0.186180	0.194611
2.910000	0.197019	0.001909	0.189191	0.174136	0.215687	0.161490	0.186180	0.194009
2.915000	0.197622	0.001909	0.187987	0.173534	0.216290	0.162092	0.185578	0.194009
2.920000	0.197019	0.001909	0.188589	0.173534	0.216290	0.162092	0.185578	0.194009
2.925000	0.197019	0.001909	0.188589	0.174738	0.216290	0.162092	0.186180	0.194009
2.930000	0.198224	0.001909	0.189191	0.174738	0.216290	0.162092	0.186180	0.194611
2.935000	0.237366	2.466083	0.237969	0.176545	0.222312	0.162092	0.186180	0.194611
2.940000	0.199428	2.466083	0.234355	0.175341	0.221107	0.162092	0.185578	0.194009
2.945000	0.198224	2.466083	0.233753	0.174136	0.221107	0.161490	0.185578	0.194009
2.950000	0.198826	2.466083	0.230140	0.172932	0.215687	0.162092	0.185578	0.194611
2.955000	0.172330	0.001909	0.189191	0.174738	0.216290	0.162694	0.185578	0.194611
2.960000	0.197019	0.001909	0.189191	0.174738	0.215687	0.162092	0.186180	0.194611
2.965000	0.197019	0.001909	0.188589	0.174738	0.216290	0.162694	0.186180	0.194611
2.970000	0.197622	0.001909	0.188589	0.174136	0.215687	0.161490	0.186180	0.194009
2.975000	0.197019	0.001909	0.188589	0.173534	0.216290	0.161490	0.185578	0.194009
2.980000	0.197019	0.001909	0.187987	0.174136	0.215687	0.162092	0.185578	0.194009
2.985000	0.197622	0.001909	0.189191	0.174136	0.216290	0.162092	0.186180	0.194009
2.990000	0.198224	0.001909	0.189191	0.174738	0.216290	0.162092	0.186180	0.194009
2.995000	0.197019	0.001909	0.188589	0.174136	0.216290	0.162092	0.185578	0.194009
